Plot,Zone,Species,SppNum,Seq,Tag,Dbh,Vigor,AbvBmss,BlwBmss,Area
2,1,PIRU,10,1,0,2.6,4,-999.99,-999.99,25.00
2,1,SOAM,12,2,0,2.2,0,-999.99,-999.99,25.00
2,1,SOAM,12,3,0,2.1,0,-999.99,-999.99,25.00
2,1,SOAM,12,4,0,2.3,0,-999.99,-999.99,25.00
2,1,SOAM,12,5,0,2.1,0,-999.99,-999.99,25.00
2,1,SOAM,12,6,0,3.3,0,-999.99,-999.99,25.00
2,1,PRPE,7,7,0,1.5,0,-999.99,-999.99,25.00
2,1,PRPE,7,8,0,1.6,0,-999.99,-999.99,25.00
2,1,PRPE,7,9,0,2.5,0,-999.99,-999.99,25.00
2,1,PRPE,7,10,0,1.5,0,-999.99,-999.99,25.00
2,1,PRPE,7,11,0,2.2,0,-999.99,-999.99,25.00
2,1,PRPE,7,12,0,2.0,0,-999.99,-999.99,25.00
2,1,PRPE,7,13,0,1.6,0,-999.99,-999.99,25.00
2,1,PRPE,7,14,0,2.4,0,-999.99,-999.99,25.00
2,1,PRPE,7,15,0,1.7,0,-999.99,-999.99,25.00
2,1,PRPE,7,16,0,1.5,0,-999.99,-999.99,25.00
2,1,PRPE,7,17,0,2.0,0,-999.99,-999.99,25.00
2,1,PRPE,7,18,0,2.0,0,-999.99,-999.99,25.00
2,1,PRPE,7,19,0,1.6,0,-999.99,-999.99,25.00
2,1,PRPE,7,20,0,1.9,4,-999.99,-999.99,25.00
2,1,BEPA,11,21,0,1.8,0,-999.99,-999.99,25.00
2,1,BEPA,11,22,0,2.1,0,-999.99,-999.99,25.00
2,1,BEPA,11,23,0,1.5,0,-999.99,-999.99,25.00
2,1,ACPE,6,24,0,1.5,0,-999.99,-999.99,25.00
3,1,BEPA,11,25,0,1.5,0,-999.99,-999.99,24.50
3,1,PRPE,7,26,0,1.7,0,-999.99,-999.99,24.50
3,1,PRPE,7,27,0,2.1,0,-999.99,-999.99,24.50
3,1,PRPE,7,28,0,1.5,0,-999.99,-999.99,24.50
3,1,PRPE,7,29,0,1.5,0,-999.99,-999.99,24.50
3,1,PRPE,7,30,0,2.5,0,-999.99,-999.99,24.50
3,1,PRPE,7,31,0,2.0,0,-999.99,-999.99,24.50
3,1,PRPE,7,32,0,1.6,0,-999.99,-999.99,24.50
3,1,PRPE,7,33,0,2.4,0,-999.99,-999.99,24.50
3,1,PRPE,7,34,0,1.6,0,-999.99,-999.99,24.50
3,1,PRPE,7,35,0,1.6,3,-999.99,-999.99,24.50
3,1,PRPE,7,36,0,1.5,4,-999.99,-999.99,24.50
3,1,PRPE,7,37,0,1.6,4,-999.99,-999.99,24.50
3,1,SOAM,12,38,0,2.5,0,-999.99,-999.99,24.50
3,1,SOAM,12,38,0,2.8,0,-999.99,-999.99,24.50
23,1,PRPE,7,39,0,1.8,0,-999.99,-999.99,24.50
23,1,PRPE,7,40,0,1.7,0,-999.99,-999.99,24.50
23,1,PRPE,7,41,0,1.7,0,-999.99,-999.99,24.50
23,1,PRPE,7,42,0,2.2,0,-999.99,-999.99,24.50
23,1,BEPA,11,43,0,1.6,0,-999.99,-999.99,24.50
23,1,BEPA,11,44,0,1.5,0,-999.99,-999.99,24.50
23,1,PIRU,10,45,0,1.8,0,-999.99,-999.99,24.50
23,1,FAGR,2,46,0,1.5,0,-999.99,-999.99,24.50
23,1,FAGR,2,47,0,1.5,0,-999.99,-999.99,24.50
23,1,FAGR,2,48,0,1.6,0,-999.99,-999.99,24.50
23,1,SOAM,12,49,0,2.2,0,-999.99,-999.99,24.50
23,1,SOAM,12,50,0,2.6,0,-999.99,-999.99,24.50
23,1,SOAM,12,50,0,1.6,0,-999.99,-999.99,24.50
23,1,SOAM,12,50,0,2.2,0,-999.99,-999.99,24.50
23,1,SOAM,12,50,0,2.3,0,-999.99,-999.99,24.50
23,1,SOAM,12,51,0,1.7,0,-999.99,-999.99,24.50
23,1,SOAM,12,51,0,2.6,0,-999.99,-999.99,24.50
23,1,SOAM,12,52,0,1.9,0,-999.99,-999.99,24.50
23,1,SOAM,12,52,0,2.0,0,-999.99,-999.99,24.50
23,1,ACRU,13,53,0,1.6,0,-999.99,-999.99,24.50
24,1,ABBA,9,54,0,2.5,0,-999.99,-999.99,23.85
24,1,FAGR,2,55,0,2.0,0,-999.99,-999.99,23.85
24,1,FAGR,2,56,0,1.7,0,-999.99,-999.99,23.85
24,1,FAGR,2,57,0,1.8,0,-999.99,-999.99,23.85
24,1,FAGR,2,58,0,1.7,0,-999.99,-999.99,23.85
24,1,FAGR,2,59,0,1.7,0,-999.99,-999.99,23.85
24,1,FAGR,2,60,0,2.3,0,-999.99,-999.99,23.85
24,1,FAGR,2,61,0,1.7,0,-999.99,-999.99,23.85
24,1,FAGR,2,62,0,1.5,0,-999.99,-999.99,23.85
24,1,FAGR,2,63,0,1.5,0,-999.99,-999.99,23.85
24,1,FAGR,2,64,0,1.8,0,-999.99,-999.99,23.85
24,1,FAGR,2,64,0,1.8,0,-999.99,-999.99,23.85
24,1,FAGR,2,64,0,2.4,0,-999.99,-999.99,23.85
24,1,FAGR,2,65,0,2.5,0,-999.99,-999.99,23.85
24,1,FAGR,2,65,0,1.8,0,-999.99,-999.99,23.85
24,1,FAGR,2,65,0,2.1,0,-999.99,-999.99,23.85
24,1,FAGR,2,65,0,1.8,0,-999.99,-999.99,23.85
24,1,FAGR,2,66,0,1.7,0,-999.99,-999.99,23.85
24,1,FAGR,2,66,0,1.5,0,-999.99,-999.99,23.85
24,1,FAGR,2,67,0,2.8,0,-999.99,-999.99,23.85
24,1,FAGR,2,67,0,1.5,0,-999.99,-999.99,23.85
24,1,FAGR,2,67,0,2.1,0,-999.99,-999.99,23.85
24,1,FAGR,2,67,0,2.3,0,-999.99,-999.99,23.85
24,1,FAGR,2,67,0,2.0,0,-999.99,-999.99,23.85
24,1,FAGR,2,68,0,1.9,0,-999.99,-999.99,23.85
24,1,FAGR,2,68,0,2.1,0,-999.99,-999.99,23.85
24,1,PRPE,7,69,0,1.5,0,-999.99,-999.99,23.85
24,1,PRPE,7,69,0,2.2,0,-999.99,-999.99,23.85
24,1,PRPE,7,69,0,2.9,0,-999.99,-999.99,23.85
24,1,BEPA,11,70,0,2.3,0,-999.99,-999.99,23.85
24,1,BEPA,11,71,0,1.7,0,-999.99,-999.99,23.85
24,1,BEPA,11,72,0,2.7,0,-999.99,-999.99,23.85
24,1,BEPA,11,73,0,2.3,0,-999.99,-999.99,23.85
24,1,BEPA,11,74,0,1.6,0,-999.99,-999.99,23.85
24,1,BEPA,11,75,0,1.8,0,-999.99,-999.99,23.85
24,1,BEPA,11,76,0,2.0,0,-999.99,-999.99,23.85
24,1,BEPA,11,77,0,1.5,0,-999.99,-999.99,23.85
24,1,BEPA,11,78,0,1.9,0,-999.99,-999.99,23.85
24,1,BEPA,11,79,0,2.2,0,-999.99,-999.99,23.85
24,1,BEPA,11,80,0,2.5,0,-999.99,-999.99,23.85
24,1,BEPA,11,80,0,1.6,0,-999.99,-999.99,23.85
24,1,BEAL,3,81,0,1.7,0,-999.99,-999.99,23.85
24,1,SOAM,12,82,0,1.9,0,-999.99,-999.99,23.85
37,1,FAGR,2,83,0,1.5,0,-999.99,-999.99,27.20
37,1,FAGR,2,84,0,3.5,0,-999.99,-999.99,27.20
37,1,FAGR,2,85,0,1.5,0,-999.99,-999.99,27.20
37,1,FAGR,2,86,0,1.5,0,-999.99,-999.99,27.20
37,1,FAGR,2,87,0,2.0,0,-999.99,-999.99,27.20
37,1,FAGR,2,88,0,1.8,0,-999.99,-999.99,27.20
37,1,FAGR,2,89,0,1.9,0,-999.99,-999.99,27.20
37,1,FAGR,2,90,0,2.3,0,-999.99,-999.99,27.20
37,1,FAGR,2,91,0,1.9,0,-999.99,-999.99,27.20
37,1,FAGR,2,92,0,1.9,0,-999.99,-999.99,27.20
37,1,FAGR,2,93,0,1.9,0,-999.99,-999.99,27.20
37,1,FAGR,2,94,0,1.7,0,-999.99,-999.99,27.20
37,1,FAGR,2,95,0,2.3,0,-999.99,-999.99,27.20
37,1,FAGR,2,96,0,1.7,0,-999.99,-999.99,27.20
37,1,FAGR,2,97,0,1.8,0,-999.99,-999.99,27.20
37,1,FAGR,2,98,0,2.0,0,-999.99,-999.99,27.20
37,1,FAGR,2,98,0,2.4,0,-999.99,-999.99,27.20
37,1,ACRU,13,99,0,1.6,0,-999.99,-999.99,27.20
37,1,ACRU,13,99,0,1.5,0,-999.99,-999.99,27.20
38,1,BEPA,11,100,0,2.4,0,-999.99,-999.99,25.60
38,1,BEPA,11,101,0,2.1,0,-999.99,-999.99,25.60
38,1,BEPA,11,102,0,1.6,0,-999.99,-999.99,25.60
38,1,BEPA,11,103,0,1.9,0,-999.99,-999.99,25.60
38,1,BEPA,11,104,0,1.6,0,-999.99,-999.99,25.60
38,1,BEPA,11,105,0,1.8,0,-999.99,-999.99,25.60
38,1,BEPA,11,106,0,1.5,0,-999.99,-999.99,25.60
38,1,BEPA,11,107,0,2.3,0,-999.99,-999.99,25.60
38,1,FAGR,2,108,0,1.7,0,-999.99,-999.99,25.60
38,1,FAGR,2,109,0,1.6,0,-999.99,-999.99,25.60
38,1,FAGR,2,110,0,1.8,0,-999.99,-999.99,25.60
38,1,PIRU,10,111,0,3.8,0,-999.99,-999.99,25.60
38,1,PIRU,10,112,0,2.2,0,-999.99,-999.99,25.60
38,1,PIRU,10,113,0,1.5,0,-999.99,-999.99,25.60
38,1,ABBA,9,114,0,5.0,0,-999.99,-999.99,25.60
38,1,ABBA,9,115,0,10.9,0,-999.99,-999.99,25.60
38,1,SOAM,12,116,0,2.2,0,-999.99,-999.99,25.60
38,1,SOAM,12,117,0,2.0,0,-999.99,-999.99,25.60
38,1,SOAM,12,118,0,1.5,0,-999.99,-999.99,25.60
38,1,PRPE,7,119,0,1.8,0,-999.99,-999.99,25.60
49,1,PIRU,10,120,0,1.5,0,-999.99,-999.99,25.60
54,1,BEPA,11,121,0,1.5,0,-999.99,-999.99,29.60
54,1,BEPA,11,122,0,2.5,0,-999.99,-999.99,29.60
54,1,BEPA,11,123,0,1.7,0,-999.99,-999.99,29.60
54,1,BEPA,11,124,0,2.0,0,-999.99,-999.99,29.60
54,1,BEPA,11,125,0,1.5,0,-999.99,-999.99,29.60
54,1,BEPA,11,126,0,2.8,0,-999.99,-999.99,29.60
54,1,BEPA,11,127,0,1.7,0,-999.99,-999.99,29.60
54,1,BEPA,11,128,0,1.7,0,-999.99,-999.99,29.60
54,1,BEPA,11,129,0,3.0,0,-999.99,-999.99,29.60
54,1,BEPA,11,130,0,1.6,0,-999.99,-999.99,29.60
54,1,BEPA,11,131,0,2.1,0,-999.99,-999.99,29.60
54,1,BEPA,11,132,0,4.2,0,-999.99,-999.99,29.60
54,1,BEPA,11,133,0,2.0,0,-999.99,-999.99,29.60
54,1,BEPA,11,134,0,3.9,0,-999.99,-999.99,29.60
54,1,BEPA,11,135,0,4.2,0,-999.99,-999.99,29.60
54,1,BEPA,11,135,0,4.7,0,-999.99,-999.99,29.60
54,1,BEPA,11,136,0,3.3,0,-999.99,-999.99,29.60
54,1,BEPA,11,136,0,3.4,0,-999.99,-999.99,29.60
54,1,BEPA,11,136,0,1.5,0,-999.99,-999.99,29.60
54,1,BEPA,11,137,0,1.8,0,-999.99,-999.99,29.60
54,1,BEPA,11,137,0,1.5,0,-999.99,-999.99,29.60
54,1,BEAL,3,138,0,1.8,0,-999.99,-999.99,29.60
54,1,BEAL,3,139,0,1.9,0,-999.99,-999.99,29.60
54,1,BEAL,3,140,0,2.1,0,-999.99,-999.99,29.60
54,1,BEAL,3,141,0,1.5,0,-999.99,-999.99,29.60
54,1,BEAL,3,142,0,2.0,0,-999.99,-999.99,29.60
54,1,BEAL,3,143,0,2.9,0,-999.99,-999.99,29.60
54,1,BEAL,3,144,0,1.7,0,-999.99,-999.99,29.60
54,1,BEAL,3,145,0,1.5,0,-999.99,-999.99,29.60
54,1,BEAL,3,145,0,1.5,0,-999.99,-999.99,29.60
54,1,BEAL,3,146,0,3.1,0,-999.99,-999.99,29.60
54,1,BEAL,3,146,0,3.7,0,-999.99,-999.99,29.60
54,1,FAGR,2,147,0,2.3,0,-999.99,-999.99,29.60
54,1,FAGR,2,148,0,1.8,0,-999.99,-999.99,29.60
54,1,FAGR,2,149,0,1.8,0,-999.99,-999.99,29.60
54,1,FAGR,2,150,0,5.0,0,-999.99,-999.99,29.60
54,1,FAGR,2,151,0,2.4,0,-999.99,-999.99,29.60
54,1,FAGR,2,151,0,2.6,0,-999.99,-999.99,29.60
54,1,FAGR,2,151,0,1.5,0,-999.99,-999.99,29.60
54,1,FAGR,2,151,0,1.8,0,-999.99,-999.99,29.60
54,1,FAGR,2,151,0,1.5,0,-999.99,-999.99,29.60
54,1,POTR,16,152,0,2.1,0,-999.99,-999.99,29.60
54,1,PRPE,7,153,0,2.3,4,-999.99,-999.99,29.60
92,3,BEAL,3,154,0,2.8,0,-999.99,-999.99,26.70
92,3,ACPE,6,155,0,1.5,0,-999.99,-999.99,26.70
92,3,PRPE,7,156,0,4.4,0,-999.99,-999.99,26.70
92,3,PRPE,7,157,0,3.0,0,-999.99,-999.99,26.70
92,3,PRPE,7,158,0,3.8,0,-999.99,-999.99,26.70
92,3,PRPE,7,159,0,1.8,0,-999.99,-999.99,26.70
92,3,PRPE,7,160,0,2.7,0,-999.99,-999.99,26.70
92,3,PRPE,7,160,0,3.3,0,-999.99,-999.99,26.70
92,3,BEPA,11,161,0,2.1,0,-999.99,-999.99,26.70
92,3,BEPA,11,162,0,1.5,0,-999.99,-999.99,26.70
92,3,BEPA,11,163,0,4.5,0,-999.99,-999.99,26.70
92,3,BEPA,11,164,0,4.8,0,-999.99,-999.99,26.70
92,3,BEPA,11,165,0,1.5,0,-999.99,-999.99,26.70
92,3,BEPA,11,166,0,2.1,0,-999.99,-999.99,26.70
92,3,FAGR,2,167,0,1.7,0,-999.99,-999.99,26.70
92,3,FAGR,2,168,0,2.1,0,-999.99,-999.99,26.70
92,3,FAGR,2,169,0,1.8,0,-999.99,-999.99,26.70
92,3,FAGR,2,170,0,2.2,0,-999.99,-999.99,26.70
92,3,FAGR,2,171,0,3.4,0,-999.99,-999.99,26.70
92,3,FAGR,2,172,0,2.4,0,-999.99,-999.99,26.70
92,3,FAGR,2,173,0,1.6,0,-999.99,-999.99,26.70
92,3,FAGR,2,174,0,3.4,0,-999.99,-999.99,26.70
92,3,FAGR,2,175,0,2.0,0,-999.99,-999.99,26.70
92,3,FAGR,2,176,0,2.6,0,-999.99,-999.99,26.70
92,3,FAGR,2,177,0,1.6,0,-999.99,-999.99,26.70
92,3,FAGR,2,178,0,1.5,0,-999.99,-999.99,26.70
92,3,FAGR,2,179,0,1.9,0,-999.99,-999.99,26.70
92,3,FAGR,2,180,0,2.0,0,-999.99,-999.99,26.70
92,3,FAGR,2,181,0,2.4,0,-999.99,-999.99,26.70
92,3,FAGR,2,182,0,2.0,0,-999.99,-999.99,26.70
92,3,FAGR,2,183,0,2.7,0,-999.99,-999.99,26.70
92,3,FAGR,2,183,0,2.4,0,-999.99,-999.99,26.70
92,3,FAGR,2,184,0,3.3,0,-999.99,-999.99,26.70
92,3,FAGR,2,184,0,1.7,0,-999.99,-999.99,26.70
92,3,BEAL,3,185,0,2.3,0,-999.99,-999.99,26.70
92,3,BEAL,3,186,0,2.2,0,-999.99,-999.99,26.70
92,3,BEAL,3,187,0,1.5,0,-999.99,-999.99,26.70
92,3,BEAL,3,188,0,3.0,0,-999.99,-999.99,26.70
92,3,BEAL,3,189,0,3.9,0,-999.99,-999.99,26.70
92,3,BEAL,3,190,0,1.5,0,-999.99,-999.99,26.70
92,3,BEAL,3,191,0,1.9,0,-999.99,-999.99,26.70
92,3,BEAL,3,192,0,2.6,0,-999.99,-999.99,26.70
92,3,BEAL,3,193,0,2.2,0,-999.99,-999.99,26.70
92,3,BEAL,3,193,0,3.1,0,-999.99,-999.99,26.70
92,3,BEAL,3,194,0,1.8,0,-999.99,-999.99,26.70
92,3,BEAL,3,194,0,3.0,0,-999.99,-999.99,26.70
92,3,BEAL,3,195,0,4.0,0,-999.99,-999.99,26.70
92,3,BEAL,3,195,0,3.8,0,-999.99,-999.99,26.70
92,3,BEAL,3,195,0,3.4,0,-999.99,-999.99,26.70
92,3,BEAL,3,196,0,3.6,0,-999.99,-999.99,26.70
92,3,BEAL,3,196,0,3.2,0,-999.99,-999.99,26.70
92,3,BEAL,3,197,0,4.3,0,-999.99,-999.99,26.70
92,3,BEAL,3,197,0,1.6,0,-999.99,-999.99,26.70
92,3,ACSA,1,198,0,2.9,0,-999.99,-999.99,26.70
92,3,ACSA,1,198,0,2.4,0,-999.99,-999.99,26.70
92,3,ACSA,1,198,0,1.8,0,-999.99,-999.99,26.70
92,3,ACSA,1,198,0,2.1,0,-999.99,-999.99,26.70
92,3,ACSA,1,198,0,3.8,0,-999.99,-999.99,26.70
92,3,ACSA,1,198,0,1.7,0,-999.99,-999.99,26.70
92,3,ACSA,1,198,0,1.6,0,-999.99,-999.99,26.70
92,3,ACSA,1,198,0,3.3,0,-999.99,-999.99,26.70
92,3,ACSA,1,198,0,1.5,0,-999.99,-999.99,26.70
92,3,ACSA,1,198,0,3.3,0,-999.99,-999.99,26.70
92,3,ACSA,1,198,0,1.6,0,-999.99,-999.99,26.70
92,3,ACSA,1,198,0,4.2,0,-999.99,-999.99,26.70
92,3,ACSA,1,198,0,2.3,0,-999.99,-999.99,26.70
92,3,ACSA,1,198,0,3.2,0,-999.99,-999.99,26.70
92,3,ACSA,1,198,0,1.7,0,-999.99,-999.99,26.70
94,1,PRPE,7,199,0,2.5,0,-999.99,-999.99,25.10
94,1,PRPE,7,200,0,2.3,0,-999.99,-999.99,25.10
94,1,PRPE,7,201,0,2.9,0,-999.99,-999.99,25.10
94,1,PRPE,7,202,0,2.1,0,-999.99,-999.99,25.10
94,1,PRPE,7,203,0,2.1,0,-999.99,-999.99,25.10
94,1,PRPE,7,204,0,1.9,0,-999.99,-999.99,25.10
94,1,PRPE,7,205,0,1.9,0,-999.99,-999.99,25.10
94,1,PRPE,7,205,0,1.9,0,-999.99,-999.99,25.10
94,1,BEPA,11,206,0,1.8,0,-999.99,-999.99,25.10
94,1,BEPA,11,207,0,2.9,0,-999.99,-999.99,25.10
94,1,BEPA,11,208,0,1.9,0,-999.99,-999.99,25.10
94,1,BEPA,11,209,0,2.5,0,-999.99,-999.99,25.10
94,1,BEPA,11,210,0,1.8,0,-999.99,-999.99,25.10
94,1,ABBA,9,211,0,5.5,0,-999.99,-999.99,25.10
106,4,FAGR,2,212,0,3.0,0,-999.99,-999.99,26.60
106,4,FAGR,2,213,0,2.1,0,-999.99,-999.99,26.60
106,4,FAGR,2,214,0,2.9,0,-999.99,-999.99,26.60
106,4,FAGR,2,215,0,2.1,0,-999.99,-999.99,26.60
106,4,FAGR,2,216,0,2.3,0,-999.99,-999.99,26.60
106,4,FAGR,2,217,0,2.1,0,-999.99,-999.99,26.60
106,4,FAGR,2,218,0,2.4,0,-999.99,-999.99,26.60
106,4,FAGR,2,219,0,2.7,0,-999.99,-999.99,26.60
106,4,FAGR,2,220,0,1.5,0,-999.99,-999.99,26.60
106,4,FAGR,2,221,0,2.1,0,-999.99,-999.99,26.60
106,4,FAGR,2,222,0,1.7,0,-999.99,-999.99,26.60
106,4,FAGR,2,223,0,1.5,0,-999.99,-999.99,26.60
106,4,FAGR,2,223,0,1.7,0,-999.99,-999.99,26.60
106,4,FAGR,2,224,0,1.5,0,-999.99,-999.99,26.60
106,4,BEPA,11,225,0,3.2,0,-999.99,-999.99,26.60
106,4,BEPA,11,226,0,2.5,0,-999.99,-999.99,26.60
106,4,BEPA,11,227,0,1.8,0,-999.99,-999.99,26.60
106,4,BEPA,11,228,0,3.3,0,-999.99,-999.99,26.60
106,4,BEPA,11,229,0,2.0,0,-999.99,-999.99,26.60
106,4,BEPA,11,230,0,1.7,0,-999.99,-999.99,26.60
106,4,BEPA,11,231,0,2.2,0,-999.99,-999.99,26.60
106,4,BEPA,11,232,0,2.4,0,-999.99,-999.99,26.60
106,4,BEPA,11,233,0,2.0,0,-999.99,-999.99,26.60
106,4,BEPA,11,234,0,2.1,0,-999.99,-999.99,26.60
106,4,BEPA,11,235,0,3.3,0,-999.99,-999.99,26.60
106,4,BEPA,11,236,0,1.5,0,-999.99,-999.99,26.60
106,4,BEPA,11,237,0,1.6,0,-999.99,-999.99,26.60
106,4,BEPA,11,238,0,2.8,0,-999.99,-999.99,26.60
106,4,BEPA,11,239,0,2.2,0,-999.99,-999.99,26.60
106,4,BEPA,11,240,0,1.8,0,-999.99,-999.99,26.60
106,4,BEPA,11,241,0,2.6,0,-999.99,-999.99,26.60
106,4,BEPA,11,242,0,1.7,0,-999.99,-999.99,26.60
106,4,BEPA,11,243,0,1.8,0,-999.99,-999.99,26.60
106,4,BEPA,11,244,0,1.5,0,-999.99,-999.99,26.60
106,4,BEPA,11,245,0,2.5,0,-999.99,-999.99,26.60
106,4,BEPA,11,246,0,2.2,0,-999.99,-999.99,26.60
106,4,BEPA,11,247,0,2.5,0,-999.99,-999.99,26.60
106,4,BEPA,11,248,0,1.6,0,-999.99,-999.99,26.60
106,4,BEPA,11,249,0,1.9,0,-999.99,-999.99,26.60
106,4,BEPA,11,250,0,1.7,0,-999.99,-999.99,26.60
106,4,BEPA,11,251,0,3.1,0,-999.99,-999.99,26.60
106,4,BEPA,11,252,0,1.8,0,-999.99,-999.99,26.60
106,4,BEPA,11,253,0,1.5,0,-999.99,-999.99,26.60
106,4,BEPA,11,254,0,2.1,0,-999.99,-999.99,26.60
106,4,BEPA,11,255,0,2.3,0,-999.99,-999.99,26.60
106,4,BEPA,11,256,0,2.1,0,-999.99,-999.99,26.60
106,4,BEPA,11,257,0,1.6,0,-999.99,-999.99,26.60
106,4,BEPA,11,258,0,1.8,0,-999.99,-999.99,26.60
106,4,BEPA,11,259,0,1.9,0,-999.99,-999.99,26.60
106,4,BEPA,11,260,0,2.7,0,-999.99,-999.99,26.60
106,4,BEPA,11,261,0,1.9,0,-999.99,-999.99,26.60
106,4,BEPA,11,262,0,1.5,0,-999.99,-999.99,26.60
106,4,BEPA,11,263,0,1.5,0,-999.99,-999.99,26.60
106,4,PRPE,7,264,0,2.3,0,-999.99,-999.99,26.60
106,4,PRPE,7,265,0,1.7,0,-999.99,-999.99,26.60
106,4,PRPE,7,266,0,1.8,0,-999.99,-999.99,26.60
106,4,PRPE,7,267,0,2.1,0,-999.99,-999.99,26.60
106,4,PRPE,7,268,0,2.4,0,-999.99,-999.99,26.60
106,4,PRPE,7,269,0,3.7,0,-999.99,-999.99,26.60
106,4,PRPE,7,270,0,3.3,0,-999.99,-999.99,26.60
106,4,PRPE,7,271,0,2.4,0,-999.99,-999.99,26.60
106,4,PRPE,7,272,0,1.5,4,-999.99,-999.99,26.60
106,4,PRPE,7,273,0,1.9,4,-999.99,-999.99,26.60
106,4,PRPE,7,274,0,3.2,0,-999.99,-999.99,26.60
106,4,PRPE,7,274,0,4.0,0,-999.99,-999.99,26.60
106,4,ABBA,9,275,0,2.1,0,-999.99,-999.99,26.60
124,4,FAGR,2,276,0,2.8,0,-999.99,-999.99,25.00
124,4,FAGR,2,277,0,4.7,0,-999.99,-999.99,25.00
124,4,FAGR,2,278,0,2.4,0,-999.99,-999.99,25.00
124,4,FAGR,2,279,0,2.8,0,-999.99,-999.99,25.00
124,4,FAGR,2,280,0,1.5,0,-999.99,-999.99,25.00
124,4,FAGR,2,281,0,2.5,0,-999.99,-999.99,25.00
124,4,FAGR,2,282,0,1.8,0,-999.99,-999.99,25.00
124,4,FAGR,2,283,0,1.9,0,-999.99,-999.99,25.00
124,4,FAGR,2,284,0,1.5,0,-999.99,-999.99,25.00
124,4,FAGR,2,285,0,3.5,0,-999.99,-999.99,25.00
124,4,FAGR,2,286,0,2.2,0,-999.99,-999.99,25.00
124,4,FAGR,2,287,0,2.0,0,-999.99,-999.99,25.00
124,4,FAGR,2,288,0,1.6,0,-999.99,-999.99,25.00
124,4,FAGR,2,289,0,3.9,0,-999.99,-999.99,25.00
124,4,FAGR,2,290,0,1.5,0,-999.99,-999.99,25.00
124,4,FAGR,2,291,0,3.5,0,-999.99,-999.99,25.00
124,4,FAGR,2,292,0,1.7,0,-999.99,-999.99,25.00
124,4,FAGR,2,292,0,2.0,0,-999.99,-999.99,25.00
124,4,FAGR,2,293,0,1.5,0,-999.99,-999.99,25.00
124,4,FAGR,2,294,0,2.4,0,-999.99,-999.99,25.00
124,4,FAGR,2,295,0,1.6,0,-999.99,-999.99,25.00
124,4,FAGR,2,296,0,2.2,0,-999.99,-999.99,25.00
124,4,FAGR,2,296,0,2.1,0,-999.99,-999.99,25.00
124,4,PRPE,7,297,0,4.0,0,-999.99,-999.99,25.00
124,4,PRPE,7,298,0,2.3,0,-999.99,-999.99,25.00
124,4,PRPE,7,299,0,2.5,0,-999.99,-999.99,25.00
124,4,PRPE,7,300,0,3.4,0,-999.99,-999.99,25.00
124,4,PRPE,7,301,0,2.0,0,-999.99,-999.99,25.00
124,4,PRPE,7,302,0,2.3,0,-999.99,-999.99,25.00
124,4,PRPE,7,303,0,2.6,0,-999.99,-999.99,25.00
124,4,PRPE,7,304,0,3.8,0,-999.99,-999.99,25.00
124,4,PRPE,7,305,0,3.7,0,-999.99,-999.99,25.00
124,4,PRPE,7,306,0,4.0,0,-999.99,-999.99,25.00
124,4,PRPE,7,307,0,1.6,0,-999.99,-999.99,25.00
124,4,BEPA,11,308,0,1.6,0,-999.99,-999.99,25.00
124,4,BEPA,11,309,0,2.5,0,-999.99,-999.99,25.00
124,4,BEPA,11,310,0,2.6,0,-999.99,-999.99,25.00
124,4,BEPA,11,311,0,1.7,0,-999.99,-999.99,25.00
124,4,BEPA,11,312,0,1.6,0,-999.99,-999.99,25.00
124,4,BEPA,11,313,0,1.6,0,-999.99,-999.99,25.00
124,4,BEPA,11,314,0,2.2,0,-999.99,-999.99,25.00
124,4,BEPA,11,315,0,2.1,0,-999.99,-999.99,25.00
124,4,BEPA,11,316,0,1.9,0,-999.99,-999.99,25.00
124,4,BEPA,11,316,0,2.8,0,-999.99,-999.99,25.00
124,4,ACPE,6,317,0,1.6,0,-999.99,-999.99,25.00
124,4,ACSA,1,318,0,2.4,0,-999.99,-999.99,25.00
124,4,ACSA,1,318,0,2.0,0,-999.99,-999.99,25.00
124,4,ACSA,1,318,0,1.6,0,-999.99,-999.99,25.00
126,4,FAGR,2,319,0,1.8,0,-999.99,-999.99,25.70
126,4,PRPE,7,320,0,4.3,0,-999.99,-999.99,25.70
126,4,PRPE,7,321,0,2.0,0,-999.99,-999.99,25.70
126,4,PRPE,7,322,0,1.5,0,-999.99,-999.99,25.70
126,4,PRPE,7,323,0,2.1,0,-999.99,-999.99,25.70
126,4,PRPE,7,324,0,2.1,0,-999.99,-999.99,25.70
126,4,PRPE,7,325,0,2.9,0,-999.99,-999.99,25.70
126,4,PRPE,7,326,0,1.8,0,-999.99,-999.99,25.70
126,4,PRPE,7,327,0,5.1,0,-999.99,-999.99,25.70
126,4,PRPE,7,328,0,3.0,0,-999.99,-999.99,25.70
126,4,PRPE,7,329,0,2.9,0,-999.99,-999.99,25.70
126,4,PRPE,7,330,0,3.8,0,-999.99,-999.99,25.70
126,4,PRPE,7,331,0,3.1,0,-999.99,-999.99,25.70
126,4,PRPE,7,332,0,3.5,0,-999.99,-999.99,25.70
126,4,PRPE,7,333,0,3.2,0,-999.99,-999.99,25.70
126,4,PRPE,7,334,0,3.0,0,-999.99,-999.99,25.70
126,4,PRPE,7,335,0,5.8,0,-999.99,-999.99,25.70
126,4,PRPE,7,336,0,1.5,4,-999.99,-999.99,25.70
126,4,PRPE,7,337,0,2.3,4,-999.99,-999.99,25.70
126,4,PRPE,7,337,0,6.0,0,-999.99,-999.99,25.70
126,4,PRPE,7,338,0,4.3,0,-999.99,-999.99,25.70
126,4,PRPE,7,338,0,6.3,0,-999.99,-999.99,25.70
126,4,PRPE,7,339,0,3.3,0,-999.99,-999.99,25.70
126,4,PRPE,7,339,0,2.4,0,-999.99,-999.99,25.70
126,4,BEPA,11,340,0,2.7,0,-999.99,-999.99,25.70
126,4,BEPA,11,341,0,1.8,0,-999.99,-999.99,25.70
126,4,BEPA,11,342,0,3.4,0,-999.99,-999.99,25.70
126,4,BEPA,11,343,0,2.1,0,-999.99,-999.99,25.70
126,4,BEPA,11,344,0,2.9,0,-999.99,-999.99,25.70
126,4,BEPA,11,345,0,2.2,0,-999.99,-999.99,25.70
126,4,BEPA,11,346,0,1.5,0,-999.99,-999.99,25.70
126,4,BEPA,11,347,0,1.7,0,-999.99,-999.99,25.70
126,4,BEPA,11,348,0,2.1,0,-999.99,-999.99,25.70
126,4,BEPA,11,349,0,1.7,0,-999.99,-999.99,25.70
126,4,BEPA,11,350,0,1.6,0,-999.99,-999.99,25.70
126,4,BEPA,11,351,0,1.9,0,-999.99,-999.99,25.70
126,4,BEPA,11,352,0,1.9,0,-999.99,-999.99,25.70
126,4,BEPA,11,353,0,1.5,0,-999.99,-999.99,25.70
126,4,BEPA,11,354,0,2.7,0,-999.99,-999.99,25.70
126,4,BEPA,11,355,0,1.5,0,-999.99,-999.99,25.70
126,4,BEPA,11,356,0,1.7,0,-999.99,-999.99,25.70
126,4,BEPA,11,357,0,2.8,0,-999.99,-999.99,25.70
126,4,BEPA,11,358,0,2.0,0,-999.99,-999.99,25.70
126,4,BEPA,11,359,0,1.5,0,-999.99,-999.99,25.70
126,4,BEPA,11,360,0,2.6,0,-999.99,-999.99,25.70
126,4,BEPA,11,361,0,1.7,0,-999.99,-999.99,25.70
126,4,BEPA,11,362,0,2.1,0,-999.99,-999.99,25.70
126,4,BEPA,11,363,0,2.1,0,-999.99,-999.99,25.70
126,4,BEPA,11,364,0,2.1,0,-999.99,-999.99,25.70
126,4,BEPA,11,365,0,1.7,0,-999.99,-999.99,25.70
126,4,BEPA,11,366,0,1.8,0,-999.99,-999.99,25.70
126,4,BEPA,11,367,0,2.5,0,-999.99,-999.99,25.70
126,4,BEPA,11,368,0,1.8,0,-999.99,-999.99,25.70
126,4,BEPA,11,368,0,1.8,0,-999.99,-999.99,25.70
126,4,POTR,16,369,0,2.5,0,-999.99,-999.99,25.70
126,4,POTR,16,370,0,4.9,0,-999.99,-999.99,25.70
131,4,FAGR,2,371,0,2.1,0,-999.99,-999.99,25.75
131,4,FAGR,2,372,0,2.3,0,-999.99,-999.99,25.75
131,4,FAGR,2,373,0,2.5,0,-999.99,-999.99,25.75
131,4,FAGR,2,374,0,1.5,0,-999.99,-999.99,25.75
131,4,FAGR,2,375,0,2.5,0,-999.99,-999.99,25.75
131,4,FAGR,2,376,0,1.9,0,-999.99,-999.99,25.75
131,4,FAGR,2,377,0,2.4,0,-999.99,-999.99,25.75
131,4,FAGR,2,378,0,2.5,0,-999.99,-999.99,25.75
131,4,FAGR,2,379,0,2.6,0,-999.99,-999.99,25.75
131,4,FAGR,2,380,0,1.9,0,-999.99,-999.99,25.75
131,4,FAGR,2,380,0,1.7,0,-999.99,-999.99,25.75
131,4,BEPA,11,381,0,1.5,0,-999.99,-999.99,25.75
131,4,BEPA,11,382,0,1.5,0,-999.99,-999.99,25.75
131,4,BEPA,11,383,0,1.6,0,-999.99,-999.99,25.75
131,4,BEPA,11,384,0,1.6,0,-999.99,-999.99,25.75
131,4,BEPA,11,385,0,1.6,0,-999.99,-999.99,25.75
131,4,BEPA,11,386,0,3.4,0,-999.99,-999.99,25.75
131,4,PRPE,7,387,0,6.1,0,-999.99,-999.99,25.75
131,4,PRPE,7,388,0,2.0,0,-999.99,-999.99,25.75
131,4,PRPE,7,389,0,4.4,0,-999.99,-999.99,25.75
131,4,PRPE,7,390,0,1.6,0,-999.99,-999.99,25.75
131,4,PRPE,7,391,0,2.9,0,-999.99,-999.99,25.75
131,4,PRPE,7,392,0,2.5,0,-999.99,-999.99,25.75
131,4,PRPE,7,393,0,3.5,0,-999.99,-999.99,25.75
131,4,PRPE,7,394,0,6.3,0,-999.99,-999.99,25.75
131,4,PRPE,7,395,0,3.1,0,-999.99,-999.99,25.75
131,4,PRPE,7,396,0,3.5,0,-999.99,-999.99,25.75
131,4,PRPE,7,397,0,1.7,4,-999.99,-999.99,25.75
131,4,PRPE,7,398,0,2.5,4,-999.99,-999.99,25.75
131,4,PRPE,7,399,0,2.4,4,-999.99,-999.99,25.75
131,4,BEAL,3,400,0,1.7,0,-999.99,-999.99,25.75
131,4,BEAL,3,401,0,2.5,0,-999.99,-999.99,25.75
131,4,BEAL,3,402,0,2.5,0,-999.99,-999.99,25.75
131,4,BEAL,3,403,0,4.4,0,-999.99,-999.99,25.75
131,4,BEAL,3,404,0,3.2,0,-999.99,-999.99,25.75
131,4,BEAL,3,404,0,3.1,0,-999.99,-999.99,25.75
131,4,ACSA,1,405,0,2.6,0,-999.99,-999.99,25.75
131,4,ACSA,1,405,0,1.5,0,-999.99,-999.99,25.75
131,4,ACSA,1,405,0,3.3,0,-999.99,-999.99,25.75
137,4,PRPE,7,406,0,4.5,0,-999.99,-999.99,25.55
137,4,PRPE,7,407,0,4.2,0,-999.99,-999.99,25.55
137,4,PRPE,7,408,0,6.3,0,-999.99,-999.99,25.55
137,4,PRPE,7,409,0,2.1,4,-999.99,-999.99,25.55
137,4,PRPE,7,409,0,2.5,4,-999.99,-999.99,25.55
137,4,ACSA,1,410,0,1.8,0,-999.99,-999.99,25.55
137,4,ACSA,1,411,0,2.4,4,-999.99,-999.99,25.55
137,4,BEAL,3,412,0,1.8,0,-999.99,-999.99,25.55
137,4,BEAL,3,413,0,1.5,0,-999.99,-999.99,25.55
137,4,BEAL,3,414,0,4.7,0,-999.99,-999.99,25.55
137,4,BEAL,3,415,0,2.0,0,-999.99,-999.99,25.55
137,4,FAGR,2,416,0,1.7,0,-999.99,-999.99,25.55
137,4,FAGR,2,417,0,1.8,0,-999.99,-999.99,25.55
137,4,FAGR,2,418,0,1.9,0,-999.99,-999.99,25.55
137,4,FAGR,2,419,0,2.5,0,-999.99,-999.99,25.55
137,4,FAGR,2,420,0,1.7,0,-999.99,-999.99,25.55
137,4,FAGR,2,421,0,2.8,0,-999.99,-999.99,25.55
137,4,FAGR,2,422,0,2.7,0,-999.99,-999.99,25.55
137,4,FAGR,2,423,0,3.0,0,-999.99,-999.99,25.55
137,4,FAGR,2,424,0,1.6,0,-999.99,-999.99,25.55
137,4,FAGR,2,425,0,2.8,0,-999.99,-999.99,25.55
137,4,FAGR,2,426,0,5.2,0,-999.99,-999.99,25.55
137,4,FAGR,2,427,0,2.4,0,-999.99,-999.99,25.55
137,4,FAGR,2,428,0,2.8,0,-999.99,-999.99,25.55
137,4,FAGR,2,429,0,1.8,0,-999.99,-999.99,25.55
137,4,FAGR,2,430,0,2.2,0,-999.99,-999.99,25.55
137,4,FAGR,2,431,0,2.4,0,-999.99,-999.99,25.55
137,4,FAGR,2,432,0,1.6,0,-999.99,-999.99,25.55
137,4,FAGR,2,433,0,1.6,0,-999.99,-999.99,25.55
137,4,FAGR,2,434,0,3.1,0,-999.99,-999.99,25.55
137,4,FAGR,2,435,0,2.0,0,-999.99,-999.99,25.55
137,4,FAGR,2,436,0,1.5,0,-999.99,-999.99,25.55
137,4,FAGR,2,437,0,3.8,0,-999.99,-999.99,25.55
137,4,FAGR,2,438,0,6.1,0,-999.99,-999.99,25.55
137,4,FAGR,2,439,0,1.6,0,-999.99,-999.99,25.55
137,4,FAGR,2,440,0,4.9,0,-999.99,-999.99,25.55
137,4,FAGR,2,441,0,2.1,0,-999.99,-999.99,25.55
137,4,FAGR,2,442,0,2.0,0,-999.99,-999.99,25.55
137,4,FAGR,2,443,0,2.0,0,-999.99,-999.99,25.55
137,4,FAGR,2,444,0,1.6,4,-999.99,-999.99,25.55
137,4,FAGR,2,445,0,3.0,0,-999.99,-999.99,25.55
137,4,FAGR,2,445,0,5.5,0,-999.99,-999.99,25.55
137,4,ACSA,1,446,0,2.4,0,-999.99,-999.99,25.55
137,4,BEPA,11,447,0,2.3,0,-999.99,-999.99,25.55
137,4,BEPA,11,448,0,1.6,0,-999.99,-999.99,25.55
137,4,ACSP,5,449,0,2.8,0,-999.99,-999.99,25.55
137,4,ACSP,5,450,0,2.4,0,-999.99,-999.99,25.55
139,4,ACPE,6,451,0,2.9,0,-999.99,-999.99,25.30
139,4,ACPE,6,452,0,2.0,0,-999.99,-999.99,25.30
139,4,ACPE,6,453,0,1.5,0,-999.99,-999.99,25.30
139,4,ACPE,6,454,0,1.8,0,-999.99,-999.99,25.30
139,4,BEPA,11,455,0,2.2,0,-999.99,-999.99,25.30
139,4,BEPA,11,456,0,1.7,0,-999.99,-999.99,25.30
139,4,BEPA,11,457,0,3.3,0,-999.99,-999.99,25.30
139,4,BEPA,11,458,0,2.7,0,-999.99,-999.99,25.30
139,4,BEPA,11,459,0,2.9,0,-999.99,-999.99,25.30
139,4,BEPA,11,460,0,3.3,0,-999.99,-999.99,25.30
139,4,BEPA,11,461,0,1.5,0,-999.99,-999.99,25.30
139,4,BEPA,11,462,0,2.3,0,-999.99,-999.99,25.30
139,4,FAGR,2,463,0,1.6,0,-999.99,-999.99,25.30
139,4,FAGR,2,464,0,3.4,0,-999.99,-999.99,25.30
139,4,FAGR,2,465,0,3.1,0,-999.99,-999.99,25.30
139,4,FAGR,2,466,0,6.4,0,-999.99,-999.99,25.30
139,4,FAGR,2,467,0,2.4,0,-999.99,-999.99,25.30
139,4,FAGR,2,468,0,3.0,0,-999.99,-999.99,25.30
139,4,FAGR,2,469,0,4.3,0,-999.99,-999.99,25.30
139,4,FAGR,2,469,0,2.9,0,-999.99,-999.99,25.30
139,4,PRPE,7,470,0,1.8,0,-999.99,-999.99,25.30
139,4,PRPE,7,471,0,2.5,0,-999.99,-999.99,25.30
167,4,FAGR,2,472,0,1.8,0,-999.99,-999.99,26.70
167,4,FAGR,2,473,0,2.3,0,-999.99,-999.99,26.70
167,4,FAGR,2,474,0,1.5,0,-999.99,-999.99,26.70
167,4,FAGR,2,475,0,1.8,0,-999.99,-999.99,26.70
167,4,FAGR,2,476,0,2.5,0,-999.99,-999.99,26.70
167,4,FAGR,2,477,0,2.0,0,-999.99,-999.99,26.70
167,4,FAGR,2,478,0,1.8,0,-999.99,-999.99,26.70
167,4,FAGR,2,479,0,1.6,0,-999.99,-999.99,26.70
167,4,FAGR,2,480,0,1.8,0,-999.99,-999.99,26.70
167,4,FAGR,2,481,0,1.5,0,-999.99,-999.99,26.70
167,4,FAGR,2,482,0,2.2,0,-999.99,-999.99,26.70
167,4,FAGR,2,483,0,1.9,0,-999.99,-999.99,26.70
167,4,FAGR,2,484,0,2.6,0,-999.99,-999.99,26.70
167,4,FAGR,2,485,0,1.5,0,-999.99,-999.99,26.70
167,4,FAGR,2,486,0,4.6,0,-999.99,-999.99,26.70
167,4,FAGR,2,487,0,2.0,4,-999.99,-999.99,26.70
167,4,FAGR,2,488,0,1.6,0,-999.99,-999.99,26.70
167,4,FAGR,2,489,0,4.1,0,-999.99,-999.99,26.70
167,4,FAGR,2,490,0,4.0,0,-999.99,-999.99,26.70
167,4,FAGR,2,491,0,3.2,0,-999.99,-999.99,26.70
167,4,FAGR,2,492,0,1.6,0,-999.99,-999.99,26.70
167,4,FAGR,2,493,0,1.5,0,-999.99,-999.99,26.70
167,4,FAGR,2,494,0,1.5,0,-999.99,-999.99,26.70
167,4,FAGR,2,495,0,1.9,0,-999.99,-999.99,26.70
167,4,FAGR,2,495,0,3.8,0,-999.99,-999.99,26.70
167,4,FAGR,2,496,0,2.7,0,-999.99,-999.99,26.70
167,4,FAGR,2,496,0,2.3,0,-999.99,-999.99,26.70
167,4,BEPA,11,497,0,2.2,0,-999.99,-999.99,26.70
167,4,BEPA,11,498,0,1.7,0,-999.99,-999.99,26.70
167,4,BEPA,11,499,0,2.3,0,-999.99,-999.99,26.70
167,4,BEPA,11,500,0,1.5,0,-999.99,-999.99,26.70
174,4,PRPE,7,501,0,2.1,0,-999.99,-999.99,26.50
174,4,PRPE,7,502,0,4.0,0,-999.99,-999.99,26.50
174,4,PRPE,7,503,0,4.9,0,-999.99,-999.99,26.50
174,4,PRPE,7,504,0,3.3,0,-999.99,-999.99,26.50
174,4,PRPE,7,505,0,3.8,0,-999.99,-999.99,26.50
174,4,PRPE,7,506,0,1.6,0,-999.99,-999.99,26.50
174,4,PRPE,7,507,0,1.7,0,-999.99,-999.99,26.50
174,4,PRPE,7,508,0,2.1,0,-999.99,-999.99,26.50
174,4,PRPE,7,509,0,2.6,0,-999.99,-999.99,26.50
174,4,PRPE,7,510,0,2.2,0,-999.99,-999.99,26.50
174,4,PRPE,7,511,0,3.2,0,-999.99,-999.99,26.50
174,4,PRPE,7,512,0,2.6,0,-999.99,-999.99,26.50
174,4,PRPE,7,513,0,2.0,0,-999.99,-999.99,26.50
174,4,PRPE,7,514,0,3.2,0,-999.99,-999.99,26.50
174,4,PRPE,7,515,0,4.4,0,-999.99,-999.99,26.50
174,4,PRPE,7,516,0,1.5,4,-999.99,-999.99,26.50
174,4,PRPE,7,517,0,1.5,4,-999.99,-999.99,26.50
174,4,PRPE,7,518,0,2.0,4,-999.99,-999.99,26.50
174,4,PRPE,7,518,0,3.2,0,-999.99,-999.99,26.50
174,4,PRPE,7,519,0,7.6,0,-999.99,-999.99,26.50
174,4,PRPE,7,519,0,1.6,4,-999.99,-999.99,26.50
174,4,PRPE,7,520,0,1.8,4,-999.99,-999.99,26.50
174,4,PRPE,7,520,0,2.5,4,-999.99,-999.99,26.50
174,4,PRPE,7,521,0,2.7,0,-999.99,-999.99,26.50
174,4,PRPE,7,521,0,3.8,0,-999.99,-999.99,26.50
174,4,PRPE,7,521,0,2.3,0,-999.99,-999.99,26.50
174,4,PRPE,7,522,0,2.7,0,-999.99,-999.99,26.50
174,4,PRPE,7,522,0,2.3,0,-999.99,-999.99,26.50
174,4,BEAL,3,523,0,1.5,0,-999.99,-999.99,26.50
174,4,BEAL,3,524,0,1.9,0,-999.99,-999.99,26.50
174,4,BEAL,3,525,0,2.2,0,-999.99,-999.99,26.50
174,4,BEAL,3,526,0,2.5,0,-999.99,-999.99,26.50
174,4,BEAL,3,527,0,4.3,0,-999.99,-999.99,26.50
174,4,BEAL,3,528,0,1.7,0,-999.99,-999.99,26.50
174,4,BEAL,3,529,0,1.5,0,-999.99,-999.99,26.50
174,4,BEAL,3,530,0,1.7,0,-999.99,-999.99,26.50
174,4,FAGR,2,531,0,5.5,0,-999.99,-999.99,26.50
174,4,FAGR,2,532,0,1.5,0,-999.99,-999.99,26.50
174,4,FAGR,2,533,0,2.6,0,-999.99,-999.99,26.50
174,4,FAGR,2,534,0,3.0,0,-999.99,-999.99,26.50
174,4,FAGR,2,535,0,2.1,0,-999.99,-999.99,26.50
174,4,FAGR,2,536,0,1.7,0,-999.99,-999.99,26.50
174,4,FAGR,2,537,0,1.6,0,-999.99,-999.99,26.50
174,4,FAGR,2,538,0,1.8,0,-999.99,-999.99,26.50
174,4,FAGR,2,539,0,1.6,0,-999.99,-999.99,26.50
174,4,FAGR,2,540,0,1.8,0,-999.99,-999.99,26.50
174,4,FAGR,2,541,0,1.5,0,-999.99,-999.99,26.50
174,4,FAGR,2,542,0,1.9,4,-999.99,-999.99,26.50
174,4,FAGR,2,543,0,1.5,4,-999.99,-999.99,26.50
174,4,FAGR,2,544,0,1.6,4,-999.99,-999.99,26.50
174,4,FAGR,2,545,0,1.9,0,-999.99,-999.99,26.50
174,4,FAGR,2,545,0,1.5,0,-999.99,-999.99,26.50
174,4,FAGR,2,545,0,1.5,0,-999.99,-999.99,26.50
174,4,FAGR,2,545,0,2.1,0,-999.99,-999.99,26.50
174,4,BEPA,11,546,0,1.9,0,-999.99,-999.99,26.50
174,4,BEPA,11,547,0,3.5,0,-999.99,-999.99,26.50
174,4,BEPA,11,548,0,1.8,0,-999.99,-999.99,26.50
174,4,BEPA,11,549,0,3.5,0,-999.99,-999.99,26.50
174,4,BEPA,11,550,0,1.7,0,-999.99,-999.99,26.50
174,4,BEPA,11,551,0,2.8,0,-999.99,-999.99,26.50
174,4,BEPA,11,552,0,1.9,0,-999.99,-999.99,26.50
174,4,BEPA,11,553,0,2.4,0,-999.99,-999.99,26.50
174,4,BEPA,11,554,0,2.0,0,-999.99,-999.99,26.50
174,4,BEPA,11,555,0,4.4,0,-999.99,-999.99,26.50
174,4,BEPA,11,556,0,2.0,0,-999.99,-999.99,26.50
174,4,BEPA,11,557,0,4.3,0,-999.99,-999.99,26.50
174,4,BEPA,11,558,0,3.7,0,-999.99,-999.99,26.50
174,4,BEPA,11,559,0,1.6,0,-999.99,-999.99,26.50
178,4,FAGR,2,560,0,4.5,0,-999.99,-999.99,25.60
178,4,FAGR,2,561,0,1.5,0,-999.99,-999.99,25.60
178,4,FAGR,2,562,0,2.0,0,-999.99,-999.99,25.60
178,4,FAGR,2,563,0,4.5,0,-999.99,-999.99,25.60
178,4,ACSA,1,564,0,1.8,0,-999.99,-999.99,25.60
178,4,PRPE,7,565,0,4.2,0,-999.99,-999.99,25.60
178,4,BEPA,11,566,0,1.6,0,-999.99,-999.99,25.60
178,4,BEPA,11,567,0,2.7,0,-999.99,-999.99,25.60
178,4,BEPA,11,568,0,2.1,0,-999.99,-999.99,25.60
178,4,BEPA,11,569,0,4.2,0,-999.99,-999.99,25.60
178,4,BEPA,11,570,0,2.6,0,-999.99,-999.99,25.60
178,4,BEPA,11,571,0,2.1,0,-999.99,-999.99,25.60
178,4,BEPA,11,572,0,2.2,0,-999.99,-999.99,25.60
178,4,BEPA,11,573,0,2.2,0,-999.99,-999.99,25.60
178,4,BEPA,11,574,0,1.8,0,-999.99,-999.99,25.60
178,4,BEPA,11,575,0,1.7,4,-999.99,-999.99,25.60
178,4,BEAL,3,576,0,4.2,0,-999.99,-999.99,25.60
178,4,BEAL,3,577,0,2.1,0,-999.99,-999.99,25.60
178,4,BEAL,3,578,0,2.5,0,-999.99,-999.99,25.60
178,4,BEAL,3,579,0,1.5,0,-999.99,-999.99,25.60
178,4,BEAL,3,580,0,1.6,0,-999.99,-999.99,25.60
178,4,BEAL,3,581,0,1.8,0,-999.99,-999.99,25.60
178,4,BEAL,3,582,0,1.6,0,-999.99,-999.99,25.60
178,4,BEAL,3,583,0,1.6,0,-999.99,-999.99,25.60
178,4,BEAL,3,584,0,1.9,0,-999.99,-999.99,25.60
178,4,BEAL,3,585,0,2.0,0,-999.99,-999.99,25.60
178,4,BEAL,3,586,0,1.7,0,-999.99,-999.99,25.60
178,4,BEAL,3,587,0,1.5,0,-999.99,-999.99,25.60
178,4,BEAL,3,588,0,1.8,0,-999.99,-999.99,25.60
178,4,BEAL,3,589,0,3.0,0,-999.99,-999.99,25.60
178,4,BEAL,3,590,0,1.9,0,-999.99,-999.99,25.60
178,4,BEAL,3,591,0,1.9,0,-999.99,-999.99,25.60
197,4,BEAL,3,592,0,1.6,0,-999.99,-999.99,29.50
197,4,BEAL,3,593,0,2.7,0,-999.99,-999.99,29.50
197,4,BEAL,3,594,0,2.7,0,-999.99,-999.99,29.50
197,4,PRPE,7,595,0,2.6,0,-999.99,-999.99,29.50
197,4,PRPE,7,596,0,1.6,0,-999.99,-999.99,29.50
197,4,PRPE,7,597,0,1.7,0,-999.99,-999.99,29.50
197,4,PRPE,7,598,0,2.8,0,-999.99,-999.99,29.50
197,4,PRPE,7,599,0,4.6,0,-999.99,-999.99,29.50
197,4,PRPE,7,600,0,2.2,0,-999.99,-999.99,29.50
197,4,PRPE,7,601,0,2.3,0,-999.99,-999.99,29.50
197,4,PRPE,7,602,0,4.2,0,-999.99,-999.99,29.50
197,4,PRPE,7,603,0,3.1,0,-999.99,-999.99,29.50
197,4,PRPE,7,604,0,3.9,0,-999.99,-999.99,29.50
197,4,PRPE,7,605,0,2.7,0,-999.99,-999.99,29.50
197,4,PRPE,7,606,0,1.6,0,-999.99,-999.99,29.50
197,4,PRPE,7,607,0,5.1,0,-999.99,-999.99,29.50
197,4,PRPE,7,608,0,3.3,0,-999.99,-999.99,29.50
197,4,PRPE,7,609,0,2.8,4,-999.99,-999.99,29.50
197,4,PRPE,7,610,0,1.8,4,-999.99,-999.99,29.50
197,4,PRPE,7,611,0,1.7,4,-999.99,-999.99,29.50
197,4,PRPE,7,612,0,1.9,4,-999.99,-999.99,29.50
197,4,PRPE,7,613,0,1.9,4,-999.99,-999.99,29.50
197,4,FAGR,2,614,0,2.1,0,-999.99,-999.99,29.50
197,4,FAGR,2,615,0,2.8,0,-999.99,-999.99,29.50
197,4,FAGR,2,616,0,3.2,0,-999.99,-999.99,29.50
197,4,FAGR,2,617,0,3.1,0,-999.99,-999.99,29.50
197,4,FAGR,2,618,0,2.6,0,-999.99,-999.99,29.50
197,4,FAGR,2,619,0,2.0,0,-999.99,-999.99,29.50
197,4,FAGR,2,620,0,3.1,0,-999.99,-999.99,29.50
197,4,FAGR,2,621,0,2.0,0,-999.99,-999.99,29.50
197,4,FAGR,2,622,0,2.0,0,-999.99,-999.99,29.50
197,4,FAGR,2,623,0,2.4,0,-999.99,-999.99,29.50
197,4,FAGR,2,624,0,1.5,0,-999.99,-999.99,29.50
197,4,FAGR,2,625,0,1.9,0,-999.99,-999.99,29.50
197,4,FAGR,2,626,0,2.6,0,-999.99,-999.99,29.50
197,4,FAGR,2,626,0,1.9,0,-999.99,-999.99,29.50
197,4,FAGR,2,627,0,2.0,0,-999.99,-999.99,29.50
197,4,FAGR,2,627,0,3.1,0,-999.99,-999.99,29.50
197,4,FAGR,2,628,0,1.8,0,-999.99,-999.99,29.50
197,4,FAGR,2,628,0,1.7,0,-999.99,-999.99,29.50
197,4,BEPA,11,629,0,1.6,0,-999.99,-999.99,29.50
197,4,BEPA,11,630,0,1.5,0,-999.99,-999.99,29.50
197,4,BEPA,11,631,0,2.5,0,-999.99,-999.99,29.50
197,4,ACPE,6,632,0,2.5,0,-999.99,-999.99,29.50
197,4,ACPE,6,633,0,3.5,0,-999.99,-999.99,29.50
197,4,ACPE,6,634,0,1.6,0,-999.99,-999.99,29.50
197,4,ACPE,6,635,0,2.1,0,-999.99,-999.99,29.50
197,4,ACPE,6,636,0,1.6,0,-999.99,-999.99,29.50
197,4,ACSA,1,637,0,1.5,0,-999.99,-999.99,29.50
197,4,ACSP,5,638,0,1.9,0,-999.99,-999.99,29.50
197,4,ACSP,5,639,0,1.6,0,-999.99,-999.99,29.50
197,4,ACSP,5,640,0,3.0,0,-999.99,-999.99,29.50
197,4,ACSP,5,641,0,3.1,0,-999.99,-999.99,29.50
204,2,BEPA,11,642,0,2.9,0,-999.99,-999.99,25.50
204,2,BEPA,11,643,0,4.8,0,-999.99,-999.99,25.50
204,2,BEPA,11,644,0,2.1,0,-999.99,-999.99,25.50
204,2,BEPA,11,645,0,2.1,0,-999.99,-999.99,25.50
204,2,BEPA,11,646,0,1.7,0,-999.99,-999.99,25.50
204,2,BEPA,11,647,0,3.1,0,-999.99,-999.99,25.50
204,2,BEPA,11,648,0,2.3,0,-999.99,-999.99,25.50
204,2,BEPA,11,649,0,1.7,0,-999.99,-999.99,25.50
204,2,BEPA,11,650,0,2.3,0,-999.99,-999.99,25.50
204,2,ACSA,1,651,0,1.5,0,-999.99,-999.99,25.50
204,2,ACSA,1,652,0,1.7,0,-999.99,-999.99,25.50
204,2,PRPE,7,653,0,1.9,0,-999.99,-999.99,25.50
204,2,PRPE,7,654,0,1.5,0,-999.99,-999.99,25.50
204,2,PRPE,7,655,0,2.9,0,-999.99,-999.99,25.50
204,2,PRPE,7,656,0,3.7,0,-999.99,-999.99,25.50
204,2,PRPE,7,657,0,2.0,0,-999.99,-999.99,25.50
204,2,PRPE,7,658,0,2.7,0,-999.99,-999.99,25.50
204,2,PRPE,7,659,0,2.9,0,-999.99,-999.99,25.50
204,2,PRPE,7,660,0,1.6,0,-999.99,-999.99,25.50
204,2,PRPE,7,661,0,1.9,0,-999.99,-999.99,25.50
204,2,PRPE,7,662,0,3.6,0,-999.99,-999.99,25.50
204,2,PRPE,7,663,0,3.5,0,-999.99,-999.99,25.50
204,2,PRPE,7,664,0,2.7,0,-999.99,-999.99,25.50
204,2,PRPE,7,665,0,3.5,0,-999.99,-999.99,25.50
204,2,PRPE,7,666,0,2.1,0,-999.99,-999.99,25.50
204,2,PRPE,7,667,0,2.5,0,-999.99,-999.99,25.50
204,2,PRPE,7,668,0,2.7,0,-999.99,-999.99,25.50
204,2,PRPE,7,669,0,2.5,0,-999.99,-999.99,25.50
204,2,PRPE,7,670,0,2.5,0,-999.99,-999.99,25.50
204,2,PRPE,7,671,0,1.9,0,-999.99,-999.99,25.50
204,2,PRPE,7,672,0,2.5,0,-999.99,-999.99,25.50
204,2,PRPE,7,673,0,2.2,0,-999.99,-999.99,25.50
204,2,PRPE,7,674,0,2.1,0,-999.99,-999.99,25.50
204,2,PRPE,7,675,0,2.5,3,-999.99,-999.99,25.50
204,2,PRPE,7,676,0,1.6,4,-999.99,-999.99,25.50
204,2,PRPE,7,677,0,1.5,4,-999.99,-999.99,25.50
204,2,PRPE,7,678,0,2.8,0,-999.99,-999.99,25.50
204,2,PRPE,7,678,0,1.8,0,-999.99,-999.99,25.50
204,2,FAGR,2,679,0,2.0,0,-999.99,-999.99,25.50
204,2,ACRU,13,680,0,1.6,4,-999.99,-999.99,25.50
204,2,ACRU,13,681,0,1.5,0,-999.99,-999.99,25.50
204,2,ACRU,13,682,0,1.7,0,-999.99,-999.99,25.50
204,2,ACRU,13,683,0,1.9,0,-999.99,-999.99,25.50
204,2,ACRU,13,684,0,2.6,0,-999.99,-999.99,25.50
226,4,BEAL,3,685,0,1.7,0,-999.99,-999.99,25.40
226,4,BEAL,3,686,0,2.1,0,-999.99,-999.99,25.40
226,4,BEAL,3,687,0,1.6,0,-999.99,-999.99,25.40
226,4,BEAL,3,688,0,2.0,0,-999.99,-999.99,25.40
226,4,BEAL,3,689,0,1.9,0,-999.99,-999.99,25.40
226,4,BEAL,3,690,0,2.4,0,-999.99,-999.99,25.40
226,4,BEAL,3,691,0,1.7,0,-999.99,-999.99,25.40
226,4,BEAL,3,692,0,1.8,0,-999.99,-999.99,25.40
226,4,BEAL,3,693,0,1.8,0,-999.99,-999.99,25.40
226,4,BEAL,3,694,0,2.4,0,-999.99,-999.99,25.40
226,4,BEPA,11,695,0,4.0,0,-999.99,-999.99,25.40
226,4,BEPA,11,696,0,2.3,0,-999.99,-999.99,25.40
226,4,BEPA,11,697,0,2.5,0,-999.99,-999.99,25.40
226,4,BEPA,11,698,0,1.5,0,-999.99,-999.99,25.40
226,4,BEPA,11,699,0,1.5,0,-999.99,-999.99,25.40
226,4,BEPA,11,700,0,2.1,0,-999.99,-999.99,25.40
226,4,BEPA,11,701,0,2.6,0,-999.99,-999.99,25.40
226,4,BEPA,11,702,0,1.9,0,-999.99,-999.99,25.40
226,4,PRPE,7,703,0,4.2,0,-999.99,-999.99,25.40
226,4,PRPE,7,704,0,2.1,0,-999.99,-999.99,25.40
226,4,PRPE,7,705,0,5.5,0,-999.99,-999.99,25.40
226,4,PRPE,7,706,0,4.6,0,-999.99,-999.99,25.40
226,4,PRPE,7,707,0,1.5,0,-999.99,-999.99,25.40
226,4,PRPE,7,708,0,4.2,0,-999.99,-999.99,25.40
226,4,PRPE,7,709,0,3.5,0,-999.99,-999.99,25.40
226,4,PRPE,7,710,0,4.3,0,-999.99,-999.99,25.40
226,4,PRPE,7,711,0,2.9,0,-999.99,-999.99,25.40
226,4,PRPE,7,712,0,3.5,0,-999.99,-999.99,25.40
226,4,PRPE,7,713,0,2.2,0,-999.99,-999.99,25.40
226,4,PRPE,7,714,0,2.3,0,-999.99,-999.99,25.40
226,4,PRPE,7,715,0,2.4,0,-999.99,-999.99,25.40
226,4,ACPE,6,716,0,1.9,0,-999.99,-999.99,25.40
226,4,ACSA,1,717,0,2.0,0,-999.99,-999.99,25.40
226,4,POTR,16,718,0,3.4,0,-999.99,-999.99,25.40
226,4,SASP,20,719,0,3.8,0,-999.99,-999.99,25.40
234,2,FAGR,2,720,0,1.8,0,-999.99,-999.99,25.20
234,2,FAGR,2,721,0,1.8,0,-999.99,-999.99,25.20
234,2,FAGR,2,722,0,1.8,0,-999.99,-999.99,25.20
234,2,FAGR,2,723,0,2.2,0,-999.99,-999.99,25.20
234,2,ACRU,13,724,0,1.5,0,-999.99,-999.99,25.20
234,2,ACRU,13,725,0,2.2,0,-999.99,-999.99,25.20
234,2,ACRU,13,725,0,2.6,0,-999.99,-999.99,25.20
234,2,PRPE,7,726,0,3.0,0,-999.99,-999.99,25.20
234,2,PRPE,7,727,0,4.1,0,-999.99,-999.99,25.20
234,2,PRPE,7,728,0,3.3,0,-999.99,-999.99,25.20
234,2,PRPE,7,729,0,2.8,0,-999.99,-999.99,25.20
234,2,PRPE,7,730,0,2.5,0,-999.99,-999.99,25.20
234,2,PRPE,7,731,0,4.2,0,-999.99,-999.99,25.20
234,2,PRPE,7,732,0,2.1,0,-999.99,-999.99,25.20
234,2,PRPE,7,733,0,3.1,0,-999.99,-999.99,25.20
234,2,PRPE,7,734,0,3.1,0,-999.99,-999.99,25.20
234,2,PRPE,7,735,0,3.7,0,-999.99,-999.99,25.20
234,2,PRPE,7,736,0,2.9,0,-999.99,-999.99,25.20
234,2,PRPE,7,737,0,1.5,0,-999.99,-999.99,25.20
234,2,PRPE,7,738,0,5.1,0,-999.99,-999.99,25.20
234,2,PRPE,7,739,0,3.2,0,-999.99,-999.99,25.20
234,2,PRPE,7,740,0,2.5,0,-999.99,-999.99,25.20
234,2,PRPE,7,741,0,4.1,0,-999.99,-999.99,25.20
234,2,PRPE,7,742,0,1.8,0,-999.99,-999.99,25.20
234,2,PRPE,7,743,0,1.7,0,-999.99,-999.99,25.20
234,2,PRPE,7,744,0,2.4,0,-999.99,-999.99,25.20
234,2,PRPE,7,745,0,2.0,0,-999.99,-999.99,25.20
234,2,PRPE,7,746,0,3.9,0,-999.99,-999.99,25.20
234,2,PRPE,7,747,0,2.7,0,-999.99,-999.99,25.20
234,2,PRPE,7,748,0,2.6,0,-999.99,-999.99,25.20
234,2,PRPE,7,749,0,4.0,0,-999.99,-999.99,25.20
234,2,PRPE,7,750,0,2.1,0,-999.99,-999.99,25.20
234,2,PRPE,7,751,0,3.0,0,-999.99,-999.99,25.20
234,2,PRPE,7,752,0,1.7,0,-999.99,-999.99,25.20
234,2,PRPE,7,753,0,1.7,0,-999.99,-999.99,25.20
234,2,PRPE,7,754,0,3.2,0,-999.99,-999.99,25.20
234,2,PRPE,7,755,0,3.0,0,-999.99,-999.99,25.20
234,2,PRPE,7,756,0,1.5,0,-999.99,-999.99,25.20
234,2,PRPE,7,757,0,2.3,0,-999.99,-999.99,25.20
234,2,PRPE,7,758,0,4.3,0,-999.99,-999.99,25.20
234,2,PRPE,7,759,0,2.7,0,-999.99,-999.99,25.20
234,2,PRPE,7,760,0,2.7,0,-999.99,-999.99,25.20
234,2,PRPE,7,761,0,2.5,0,-999.99,-999.99,25.20
234,2,PRPE,7,762,0,2.0,0,-999.99,-999.99,25.20
234,2,PRPE,7,763,0,2.8,0,-999.99,-999.99,25.20
234,2,PRPE,7,764,0,4.4,0,-999.99,-999.99,25.20
234,2,PRPE,7,765,0,1.9,0,-999.99,-999.99,25.20
234,2,PRPE,7,766,0,3.4,0,-999.99,-999.99,25.20
234,2,PRPE,7,767,0,2.7,0,-999.99,-999.99,25.20
234,2,PRPE,7,768,0,2.3,0,-999.99,-999.99,25.20
234,2,PRPE,7,769,0,1.6,0,-999.99,-999.99,25.20
234,2,PRPE,7,770,0,1.7,0,-999.99,-999.99,25.20
234,2,PRPE,7,771,0,2.2,0,-999.99,-999.99,25.20
234,2,PRPE,7,772,0,1.8,0,-999.99,-999.99,25.20
234,2,PRPE,7,773,0,1.7,0,-999.99,-999.99,25.20
234,2,PRPE,7,774,0,2.7,0,-999.99,-999.99,25.20
234,2,PRPE,7,775,0,2.5,0,-999.99,-999.99,25.20
234,2,PRPE,7,776,0,4.0,0,-999.99,-999.99,25.20
234,2,PRPE,7,777,0,4.0,0,-999.99,-999.99,25.20
234,2,PRPE,7,778,0,2.5,0,-999.99,-999.99,25.20
234,2,PRPE,7,779,0,1.7,4,-999.99,-999.99,25.20
234,2,PRPE,7,780,0,1.8,4,-999.99,-999.99,25.20
234,2,PRPE,7,781,0,1.6,4,-999.99,-999.99,25.20
234,2,PRPE,7,782,0,1.8,4,-999.99,-999.99,25.20
234,2,PRPE,7,783,0,2.4,4,-999.99,-999.99,25.20
234,2,PRPE,7,784,0,1.5,4,-999.99,-999.99,25.20
234,2,PRPE,7,785,0,1.5,4,-999.99,-999.99,25.20
234,2,PRPE,7,786,0,1.9,4,-999.99,-999.99,25.20
234,2,PRPE,7,787,0,2.4,0,-999.99,-999.99,25.20
234,2,PRPE,7,787,0,5.5,0,-999.99,-999.99,25.20
234,2,PRPE,7,788,0,3.2,0,-999.99,-999.99,25.20
234,2,PRPE,7,788,0,2.0,0,-999.99,-999.99,25.20
238,4,BEAL,3,789,0,2.0,0,-999.99,-999.99,25.00
238,4,BEAL,3,790,0,1.5,0,-999.99,-999.99,25.00
238,4,BEAL,3,791,0,3.2,0,-999.99,-999.99,25.00
238,4,BEAL,3,791,0,3.3,0,-999.99,-999.99,25.00
238,4,ACPE,6,792,0,1.8,0,-999.99,-999.99,25.00
238,4,ACPE,6,793,0,2.3,0,-999.99,-999.99,25.00
238,4,ACPE,6,794,0,3.1,0,-999.99,-999.99,25.00
238,4,ACPE,6,795,0,2.3,0,-999.99,-999.99,25.00
238,4,ACPE,6,796,0,1.5,0,-999.99,-999.99,25.00
238,4,ACPE,6,797,0,2.0,0,-999.99,-999.99,25.00
238,4,ACPE,6,798,0,2.0,0,-999.99,-999.99,25.00
238,4,ACPE,6,799,0,1.6,0,-999.99,-999.99,25.00
238,4,ACPE,6,800,0,1.6,0,-999.99,-999.99,25.00
238,4,ACPE,6,801,0,1.8,0,-999.99,-999.99,25.00
238,4,ACPE,6,802,0,1.5,0,-999.99,-999.99,25.00
238,4,FAGR,2,803,0,2.2,0,-999.99,-999.99,25.00
238,4,FAGR,2,804,0,2.5,0,-999.99,-999.99,25.00
238,4,FAGR,2,805,0,2.0,0,-999.99,-999.99,25.00
238,4,FAGR,2,806,0,3.7,0,-999.99,-999.99,25.00
238,4,FAGR,2,807,0,1.6,0,-999.99,-999.99,25.00
238,4,FAGR,2,808,0,1.5,0,-999.99,-999.99,25.00
238,4,FAGR,2,808,0,1.6,0,-999.99,-999.99,25.00
238,4,BEPA,11,809,0,2.8,0,-999.99,-999.99,25.00
238,4,PRPE,7,810,0,5.8,0,-999.99,-999.99,25.00
238,4,PRPE,7,811,0,4.5,0,-999.99,-999.99,25.00
238,4,PRPE,7,812,0,5.1,0,-999.99,-999.99,25.00
238,4,PRPE,7,813,0,5.4,0,-999.99,-999.99,25.00
238,4,PRPE,7,814,0,8.2,0,-999.99,-999.99,25.00
238,4,PRPE,7,815,0,3.4,0,-999.99,-999.99,25.00
238,4,PRPE,7,816,0,1.5,0,-999.99,-999.99,25.00
238,4,PRPE,7,817,0,2.8,0,-999.99,-999.99,25.00
238,4,PRPE,7,818,0,2.8,0,-999.99,-999.99,25.00
238,4,PRPE,7,819,0,4.0,0,-999.99,-999.99,25.00
238,4,PRPE,7,820,0,1.6,0,-999.99,-999.99,25.00
238,4,PRPE,7,821,0,1.6,0,-999.99,-999.99,25.00
238,4,PRPE,7,822,0,2.0,0,-999.99,-999.99,25.00
238,4,PRPE,7,823,0,4.1,0,-999.99,-999.99,25.00
238,4,PRPE,7,824,0,2.1,0,-999.99,-999.99,25.00
238,4,PRPE,7,825,0,4.6,0,-999.99,-999.99,25.00
238,4,PRPE,7,826,0,3.3,0,-999.99,-999.99,25.00
238,4,PRPE,7,827,0,2.4,0,-999.99,-999.99,25.00
238,4,PRPE,7,828,0,5.5,0,-999.99,-999.99,25.00
238,4,PRPE,7,828,0,1.9,4,-999.99,-999.99,25.00
238,4,PRPE,7,829,0,3.0,0,-999.99,-999.99,25.00
238,4,PRPE,7,829,0,2.7,0,-999.99,-999.99,25.00
238,4,PRPE,7,829,0,6.0,0,-999.99,-999.99,25.00
238,4,PRPE,7,830,0,4.1,0,-999.99,-999.99,25.00
238,4,PRPE,7,830,0,1.5,4,-999.99,-999.99,25.00
238,4,ACSP,5,831,0,2.0,0,-999.99,-999.99,25.00
242,4,BEAL,3,832,0,1.6,0,-999.99,-999.99,25.00
242,4,BEAL,3,833,0,2.1,0,-999.99,-999.99,25.00
242,4,BEAL,3,834,0,2.1,0,-999.99,-999.99,25.00
242,4,BEAL,3,835,0,2.7,0,-999.99,-999.99,25.00
242,4,BEAL,3,836,0,2.0,0,-999.99,-999.99,25.00
242,4,BEAL,3,837,0,2.0,0,-999.99,-999.99,25.00
242,4,BEAL,3,838,0,4.6,0,-999.99,-999.99,25.00
242,4,BEAL,3,839,0,1.5,0,-999.99,-999.99,25.00
242,4,BEAL,3,840,0,2.5,0,-999.99,-999.99,25.00
242,4,BEAL,3,841,0,1.7,0,-999.99,-999.99,25.00
242,4,BEAL,3,842,0,1.7,0,-999.99,-999.99,25.00
242,4,BEAL,3,843,0,2.2,0,-999.99,-999.99,25.00
242,4,BEAL,3,844,0,2.1,0,-999.99,-999.99,25.00
242,4,BEAL,3,845,0,2.2,0,-999.99,-999.99,25.00
242,4,BEAL,3,846,0,2.5,0,-999.99,-999.99,25.00
242,4,FAGR,2,847,0,1.7,0,-999.99,-999.99,25.00
242,4,FAGR,2,848,0,1.6,0,-999.99,-999.99,25.00
242,4,FAGR,2,849,0,1.5,0,-999.99,-999.99,25.00
242,4,FAGR,2,850,0,1.5,0,-999.99,-999.99,25.00
242,4,FAGR,2,851,0,1.6,0,-999.99,-999.99,25.00
242,4,FAGR,2,852,0,1.5,0,-999.99,-999.99,25.00
242,4,FAGR,2,853,0,1.7,0,-999.99,-999.99,25.00
242,4,FAGR,2,853,0,2.0,0,-999.99,-999.99,25.00
242,4,PRPE,7,854,0,3.5,0,-999.99,-999.99,25.00
242,4,PRPE,7,855,0,3.6,0,-999.99,-999.99,25.00
242,4,PRPE,7,856,0,3.7,0,-999.99,-999.99,25.00
242,4,PRPE,7,857,0,4.5,0,-999.99,-999.99,25.00
242,4,PRPE,7,858,0,2.3,0,-999.99,-999.99,25.00
242,4,PRPE,7,859,0,4.6,0,-999.99,-999.99,25.00
242,4,PRPE,7,860,0,3.4,0,-999.99,-999.99,25.00
242,4,PRPE,7,861,0,3.6,0,-999.99,-999.99,25.00
242,4,PRPE,7,862,0,4.1,0,-999.99,-999.99,25.00
242,4,PRPE,7,863,0,2.6,0,-999.99,-999.99,25.00
242,4,PRPE,7,864,0,7.1,0,-999.99,-999.99,25.00
242,4,PRPE,7,865,0,2.5,0,-999.99,-999.99,25.00
242,4,PRPE,7,866,0,5.8,0,-999.99,-999.99,25.00
242,4,PRPE,7,867,0,1.6,4,-999.99,-999.99,25.00
242,4,PRPE,7,868,0,1.5,4,-999.99,-999.99,25.00
242,4,PRPE,7,869,0,2.0,4,-999.99,-999.99,25.00
242,4,PRPE,7,870,0,2.0,4,-999.99,-999.99,25.00
242,4,PRPE,7,871,0,2.5,4,-999.99,-999.99,25.00
242,4,PRPE,7,872,0,2.4,0,-999.99,-999.99,25.00
242,4,PRPE,7,872,0,2.2,0,-999.99,-999.99,25.00
242,4,PRPE,7,872,0,3.9,0,-999.99,-999.99,25.00
242,4,BEPA,11,873,0,2.7,0,-999.99,-999.99,25.00
242,4,BEPA,11,874,0,5.0,0,-999.99,-999.99,25.00
246,4,BEAL,3,875,0,2.6,0,-999.99,-999.99,26.20
246,4,BEAL,3,876,0,3.1,0,-999.99,-999.99,26.20
246,4,BEAL,3,877,0,4.5,0,-999.99,-999.99,26.20
246,4,BEAL,3,878,0,2.1,0,-999.99,-999.99,26.20
246,4,BEAL,3,879,0,2.5,0,-999.99,-999.99,26.20
246,4,BEAL,3,880,0,1.7,0,-999.99,-999.99,26.20
246,4,FAGR,2,881,0,1.5,0,-999.99,-999.99,26.20
246,4,FAGR,2,882,0,1.6,0,-999.99,-999.99,26.20
246,4,FAGR,2,883,0,1.8,0,-999.99,-999.99,26.20
246,4,FAGR,2,884,0,2.5,0,-999.99,-999.99,26.20
246,4,FAGR,2,885,0,3.8,0,-999.99,-999.99,26.20
246,4,FAGR,2,886,0,1.8,0,-999.99,-999.99,26.20
246,4,FAGR,2,887,0,1.5,0,-999.99,-999.99,26.20
246,4,FAGR,2,888,0,2.5,0,-999.99,-999.99,26.20
246,4,FAGR,2,889,0,2.2,0,-999.99,-999.99,26.20
246,4,FAGR,2,890,0,2.0,0,-999.99,-999.99,26.20
246,4,FAGR,2,890,0,1.5,0,-999.99,-999.99,26.20
246,4,ACPE,6,891,0,1.5,0,-999.99,-999.99,26.20
246,4,ACPE,6,892,0,2.7,0,-999.99,-999.99,26.20
246,4,PRPE,7,893,0,7.5,0,-999.99,-999.99,26.20
246,4,PRPE,7,894,0,5.4,0,-999.99,-999.99,26.20
246,4,PRPE,7,895,0,3.1,0,-999.99,-999.99,26.20
246,4,PRPE,7,896,0,3.6,0,-999.99,-999.99,26.20
246,4,PRPE,7,897,0,3.0,0,-999.99,-999.99,26.20
246,4,PRPE,7,898,0,3.7,0,-999.99,-999.99,26.20
246,4,PRPE,7,899,0,1.7,0,-999.99,-999.99,26.20
246,4,PRPE,7,900,0,3.2,0,-999.99,-999.99,26.20
246,4,PRPE,7,901,0,4.4,0,-999.99,-999.99,26.20
246,4,PRPE,7,902,0,4.5,0,-999.99,-999.99,26.20
246,4,PRPE,7,903,0,1.8,0,-999.99,-999.99,26.20
246,4,PRPE,7,904,0,2.8,0,-999.99,-999.99,26.20
246,4,PRPE,7,905,0,3.6,0,-999.99,-999.99,26.20
246,4,PRPE,7,906,0,3.4,0,-999.99,-999.99,26.20
246,4,PRPE,7,907,0,2.4,0,-999.99,-999.99,26.20
246,4,PRPE,7,908,0,1.8,4,-999.99,-999.99,26.20
246,4,PRPE,7,909,0,2.9,4,-999.99,-999.99,26.20
246,4,PRPE,7,910,0,1.8,4,-999.99,-999.99,26.20
246,4,PRPE,7,911,0,1.6,0,-999.99,-999.99,26.20
246,4,PRPE,7,911,0,3.9,0,-999.99,-999.99,26.20
246,4,ACSA,1,912,0,3.4,0,-999.99,-999.99,26.20
246,4,BEPA,11,913,0,1.7,0,-999.99,-999.99,26.20
248,4,FAGR,2,914,0,1.5,0,-999.99,-999.99,25.20
248,4,FAGR,2,915,0,5.1,0,-999.99,-999.99,25.20
248,4,FAGR,2,916,0,3.4,0,-999.99,-999.99,25.20
248,4,FAGR,2,917,0,6.2,0,-999.99,-999.99,25.20
248,4,FAGR,2,918,0,1.6,0,-999.99,-999.99,25.20
248,4,FAGR,2,919,0,2.7,0,-999.99,-999.99,25.20
248,4,FAGR,2,920,0,2.4,0,-999.99,-999.99,25.20
248,4,FAGR,2,921,0,6.5,0,-999.99,-999.99,25.20
248,4,FAGR,2,922,0,3.8,0,-999.99,-999.99,25.20
248,4,FAGR,2,923,0,2.2,0,-999.99,-999.99,25.20
248,4,FAGR,2,924,0,3.7,0,-999.99,-999.99,25.20
248,4,FAGR,2,925,0,2.1,0,-999.99,-999.99,25.20
248,4,FAGR,2,926,0,3.7,0,-999.99,-999.99,25.20
248,4,FAGR,2,927,0,1.5,0,-999.99,-999.99,25.20
248,4,FAGR,2,928,0,3.0,0,-999.99,-999.99,25.20
248,4,FAGR,2,929,0,2.7,0,-999.99,-999.99,25.20
248,4,FAGR,2,930,0,2.2,0,-999.99,-999.99,25.20
248,4,FAGR,2,931,0,7.0,0,-999.99,-999.99,25.20
248,4,FAGR,2,932,0,3.5,0,-999.99,-999.99,25.20
248,4,FAGR,2,933,0,3.3,0,-999.99,-999.99,25.20
248,4,FAGR,2,934,0,2.5,0,-999.99,-999.99,25.20
248,4,FAGR,2,935,0,1.7,0,-999.99,-999.99,25.20
248,4,FAGR,2,936,0,4.9,0,-999.99,-999.99,25.20
248,4,FAGR,2,937,0,1.7,0,-999.99,-999.99,25.20
248,4,FAGR,2,938,0,2.4,4,-999.99,-999.99,25.20
248,4,PRPE,7,939,0,3.4,0,-999.99,-999.99,25.20
248,4,PRPE,7,940,0,2.4,0,-999.99,-999.99,25.20
248,4,PRPE,7,941,0,2.0,0,-999.99,-999.99,25.20
248,4,PRPE,7,942,0,3.6,0,-999.99,-999.99,25.20
248,4,PRPE,7,943,0,8.1,0,-999.99,-999.99,25.20
248,4,PRPE,7,944,0,5.4,0,-999.99,-999.99,25.20
248,4,PRPE,7,944,0,3.7,0,-999.99,-999.99,25.20
248,4,PRPE,7,944,0,2.8,0,-999.99,-999.99,25.20
248,4,ACPE,6,945,0,2.6,0,-999.99,-999.99,25.20
248,4,ACPE,6,946,0,1.9,0,-999.99,-999.99,25.20
248,4,ACPE,6,947,0,1.6,0,-999.99,-999.99,25.20
248,4,ACPE,6,948,0,2.0,0,-999.99,-999.99,25.20
248,4,ACPE,6,949,0,3.8,0,-999.99,-999.99,25.20
248,4,ACPE,6,950,0,2.3,0,-999.99,-999.99,25.20
248,4,ACPE,6,951,0,2.8,0,-999.99,-999.99,25.20
248,4,ACPE,6,952,0,2.7,0,-999.99,-999.99,25.20
248,4,ACPE,6,953,0,2.0,4,-999.99,-999.99,25.20
248,4,ACPE,6,954,0,3.2,0,-999.99,-999.99,25.20
248,4,ACPE,6,954,0,3.5,0,-999.99,-999.99,25.20
248,4,ACPE,6,954,0,3.2,0,-999.99,-999.99,25.20
248,4,ACSA,1,955,0,2.0,0,-999.99,-999.99,25.20
248,4,BEAL,3,956,0,1.8,0,-999.99,-999.99,25.20
248,4,BEAL,3,957,0,3.4,0,-999.99,-999.99,25.20
248,4,BEAL,3,958,0,6.7,0,-999.99,-999.99,25.20
248,4,BEAL,3,959,0,2.0,0,-999.99,-999.99,25.20
248,4,BEAL,3,960,0,3.3,0,-999.99,-999.99,25.20
248,4,BEAL,3,961,0,3.1,0,-999.99,-999.99,25.20
248,4,BEAL,3,962,0,1.6,0,-999.99,-999.99,25.20
248,4,BEAL,3,963,0,2.4,0,-999.99,-999.99,25.20
248,4,BEAL,3,964,0,1.8,0,-999.99,-999.99,25.20
248,4,BEAL,3,965,0,2.5,0,-999.99,-999.99,25.20
248,4,BEAL,3,966,0,3.0,0,-999.99,-999.99,25.20
248,4,BEAL,3,967,0,1.6,0,-999.99,-999.99,25.20
248,4,POTR,16,968,0,2.5,0,-999.99,-999.99,25.20
248,4,POTR,16,969,0,2.4,0,-999.99,-999.99,25.20
262,4,FAGR,2,970,0,1.7,0,-999.99,-999.99,25.53
262,4,FAGR,2,971,0,2.9,0,-999.99,-999.99,25.53
262,4,FAGR,2,972,0,3.1,0,-999.99,-999.99,25.53
262,4,FAGR,2,973,0,1.8,0,-999.99,-999.99,25.53
262,4,FAGR,2,974,0,2.1,0,-999.99,-999.99,25.53
262,4,FAGR,2,975,0,1.7,0,-999.99,-999.99,25.53
262,4,FAGR,2,976,0,1.9,0,-999.99,-999.99,25.53
262,4,FAGR,2,977,0,2.9,0,-999.99,-999.99,25.53
262,4,FAGR,2,978,0,1.7,4,-999.99,-999.99,25.53
262,4,ACPE,6,979,0,2.2,0,-999.99,-999.99,25.53
262,4,ACPE,6,980,0,1.6,0,-999.99,-999.99,25.53
262,4,ACPE,6,981,0,1.9,0,-999.99,-999.99,25.53
262,4,ACPE,6,982,0,1.6,0,-999.99,-999.99,25.53
262,4,ACPE,6,983,0,1.6,0,-999.99,-999.99,25.53
262,4,ACPE,6,984,0,1.8,0,-999.99,-999.99,25.53
262,4,ACPE,6,985,0,1.8,0,-999.99,-999.99,25.53
262,4,ACPE,6,986,0,4.3,0,-999.99,-999.99,25.53
262,4,ACPE,6,987,0,1.9,0,-999.99,-999.99,25.53
262,4,ACPE,6,988,0,2.4,0,-999.99,-999.99,25.53
262,4,ACPE,6,989,0,2.2,0,-999.99,-999.99,25.53
262,4,ACPE,6,989,0,1.8,0,-999.99,-999.99,25.53
262,4,ACPE,6,990,0,2.6,0,-999.99,-999.99,25.53
262,4,ACPE,6,990,0,2.0,0,-999.99,-999.99,25.53
262,4,ACPE,6,991,0,4.2,0,-999.99,-999.99,25.53
262,4,ACPE,6,991,0,2.2,0,-999.99,-999.99,25.53
262,4,ACPE,6,991,0,3.2,0,-999.99,-999.99,25.53
262,4,BEPA,11,992,0,1.8,0,-999.99,-999.99,25.53
262,4,BEPA,11,993,0,2.1,0,-999.99,-999.99,25.53
262,4,BEPA,11,994,0,3.9,0,-999.99,-999.99,25.53
262,4,BEAL,3,995,0,2.2,0,-999.99,-999.99,25.53
262,4,BEAL,3,996,0,4.1,0,-999.99,-999.99,25.53
262,4,BEAL,3,997,0,1.9,0,-999.99,-999.99,25.53
262,4,BEAL,3,998,0,1.8,0,-999.99,-999.99,25.53
262,4,PRPE,7,999,0,2.4,4,-999.99,-999.99,25.53
279,5,ACPE,6,1000,0,2.0,0,-999.99,-999.99,25.40
279,5,ACPE,6,1001,0,2.5,0,-999.99,-999.99,25.40
279,5,ACPE,6,1002,0,1.5,0,-999.99,-999.99,25.40
279,5,ACPE,6,1003,0,2.0,0,-999.99,-999.99,25.40
279,5,ACPE,6,1004,0,2.7,0,-999.99,-999.99,25.40
279,5,ACPE,6,1005,0,3.2,0,-999.99,-999.99,25.40
279,5,ACPE,6,1006,0,2.5,0,-999.99,-999.99,25.40
279,5,ACPE,6,1007,0,2.3,0,-999.99,-999.99,25.40
279,5,ACPE,6,1008,0,1.8,0,-999.99,-999.99,25.40
279,5,ACPE,6,1009,0,1.6,0,-999.99,-999.99,25.40
279,5,ACPE,6,1010,0,2.3,0,-999.99,-999.99,25.40
279,5,ACPE,6,1011,0,1.7,0,-999.99,-999.99,25.40
279,5,ACPE,6,1012,0,1.6,0,-999.99,-999.99,25.40
279,5,ACPE,6,1013,0,2.4,0,-999.99,-999.99,25.40
279,5,ACPE,6,1014,0,3.1,0,-999.99,-999.99,25.40
279,5,PRPE,7,1015,0,2.4,0,-999.99,-999.99,25.40
279,5,PRPE,7,1016,0,2.9,0,-999.99,-999.99,25.40
279,5,PRPE,7,1017,0,4.6,0,-999.99,-999.99,25.40
279,5,PRPE,7,1018,0,2.8,0,-999.99,-999.99,25.40
279,5,PRPE,7,1019,0,3.4,0,-999.99,-999.99,25.40
279,5,PRPE,7,1020,0,3.6,0,-999.99,-999.99,25.40
279,5,PRPE,7,1021,0,3.6,0,-999.99,-999.99,25.40
279,5,PRPE,7,1022,0,2.0,0,-999.99,-999.99,25.40
279,5,PRPE,7,1023,0,2.0,0,-999.99,-999.99,25.40
279,5,PRPE,7,1024,0,3.0,0,-999.99,-999.99,25.40
279,5,PRPE,7,1025,0,2.3,0,-999.99,-999.99,25.40
279,5,PRPE,7,1026,0,3.4,0,-999.99,-999.99,25.40
279,5,PRPE,7,1027,0,4.9,0,-999.99,-999.99,25.40
279,5,PRPE,7,1028,0,4.6,0,-999.99,-999.99,25.40
279,5,PRPE,7,1029,0,3.9,0,-999.99,-999.99,25.40
279,5,PRPE,7,1030,0,5.2,0,-999.99,-999.99,25.40
279,5,PRPE,7,1031,0,2.1,4,-999.99,-999.99,25.40
279,5,PRPE,7,1032,0,1.7,4,-999.99,-999.99,25.40
279,5,PRPE,7,1033,0,1.5,4,-999.99,-999.99,25.40
279,5,PRPE,7,1034,0,1.8,4,-999.99,-999.99,25.40
279,5,PRPE,7,1034,0,6.4,0,-999.99,-999.99,25.40
279,5,PRPE,7,1035,0,4.6,0,-999.99,-999.99,25.40
279,5,PRPE,7,1035,0,1.6,4,-999.99,-999.99,25.40
279,5,ACSA,1,1036,0,1.7,0,-999.99,-999.99,25.40
279,5,ACSA,1,1036,0,1.8,0,-999.99,-999.99,25.40
279,5,ACSA,1,1036,0,1.5,0,-999.99,-999.99,25.40
279,5,FAGR,2,1037,0,1.7,0,-999.99,-999.99,25.40
279,5,FAGR,2,1038,0,2.2,0,-999.99,-999.99,25.40
279,5,FAGR,2,1038,0,1.5,0,-999.99,-999.99,25.40
279,5,FAGR,2,1038,0,2.0,0,-999.99,-999.99,25.40
290,5,BEAL,3,1039,0,2.0,0,-999.99,-999.99,25.20
290,5,BEAL,3,1040,0,2.0,0,-999.99,-999.99,25.20
290,5,BEAL,3,1041,0,2.7,0,-999.99,-999.99,25.20
290,5,BEAL,3,1041,0,2.9,0,-999.99,-999.99,25.20
290,5,PRPE,7,1042,0,4.7,0,-999.99,-999.99,25.20
290,5,PRPE,7,1043,0,6.2,0,-999.99,-999.99,25.20
290,5,PRPE,7,1044,0,2.7,0,-999.99,-999.99,25.20
290,5,PRPE,7,1045,0,1.8,0,-999.99,-999.99,25.20
290,5,PRPE,7,1046,0,4.3,0,-999.99,-999.99,25.20
290,5,PRPE,7,1047,0,3.5,0,-999.99,-999.99,25.20
290,5,PRPE,7,1048,0,1.6,0,-999.99,-999.99,25.20
290,5,PRPE,7,1049,0,4.9,0,-999.99,-999.99,25.20
290,5,PRPE,7,1050,0,4.2,0,-999.99,-999.99,25.20
290,5,PRPE,7,1051,0,4.2,0,-999.99,-999.99,25.20
290,5,PRPE,7,1052,0,4.6,0,-999.99,-999.99,25.20
290,5,PRPE,7,1053,0,5.0,0,-999.99,-999.99,25.20
290,5,PRPE,7,1054,0,2.2,0,-999.99,-999.99,25.20
290,5,PRPE,7,1055,0,3.2,0,-999.99,-999.99,25.20
290,5,PRPE,7,1056,0,4.6,0,-999.99,-999.99,25.20
290,5,PRPE,7,1057,0,1.5,0,-999.99,-999.99,25.20
290,5,PRPE,7,1058,0,2.8,0,-999.99,-999.99,25.20
290,5,PRPE,7,1059,0,1.7,0,-999.99,-999.99,25.20
290,5,PRPE,7,1060,0,3.0,0,-999.99,-999.99,25.20
290,5,PRPE,7,1061,0,1.8,0,-999.99,-999.99,25.20
290,5,PRPE,7,1062,0,2.7,0,-999.99,-999.99,25.20
290,5,PRPE,7,1063,0,3.7,0,-999.99,-999.99,25.20
290,5,PRPE,7,1064,0,3.2,0,-999.99,-999.99,25.20
290,5,PRPE,7,1065,0,7.9,0,-999.99,-999.99,25.20
290,5,PRPE,7,1066,0,4.5,0,-999.99,-999.99,25.20
290,5,PRPE,7,1067,0,5.9,0,-999.99,-999.99,25.20
290,5,PRPE,7,1068,0,2.2,0,-999.99,-999.99,25.20
290,5,PRPE,7,1069,0,2.9,4,-999.99,-999.99,25.20
290,5,PRPE,7,1070,0,1.8,4,-999.99,-999.99,25.20
290,5,PRPE,7,1071,0,1.5,4,-999.99,-999.99,25.20
290,5,PRPE,7,1072,0,1.6,4,-999.99,-999.99,25.20
290,5,PRPE,7,1073,0,2.0,4,-999.99,-999.99,25.20
290,5,PRPE,7,1074,0,2.0,4,-999.99,-999.99,25.20
290,5,PRPE,7,1075,0,1.8,4,-999.99,-999.99,25.20
290,5,PRPE,7,1076,0,1.6,4,-999.99,-999.99,25.20
290,5,FAGR,2,1077,0,1.6,0,-999.99,-999.99,25.20
290,5,FAGR,2,1078,0,2.0,0,-999.99,-999.99,25.20
290,5,FAGR,2,1079,0,2.5,0,-999.99,-999.99,25.20
290,5,FAGR,2,1079,0,2.2,0,-999.99,-999.99,25.20
290,5,BEPA,11,1080,0,2.7,0,-999.99,-999.99,25.20
290,5,SOAM,12,1081,0,3.0,0,-999.99,-999.99,25.20
290,5,SOAM,12,1082,0,1.8,0,-999.99,-999.99,25.20
290,5,SOAM,12,1083,0,5.7,0,-999.99,-999.99,25.20
290,5,ACSA,1,1084,0,1.7,0,-999.99,-999.99,25.20
290,5,ACSA,1,1085,0,1.5,0,-999.99,-999.99,25.20
290,5,ACSA,1,1086,0,1.8,0,-999.99,-999.99,25.20
290,5,ACSA,1,1087,0,2.3,0,-999.99,-999.99,25.20
290,5,ACSA,1,1088,0,1.7,0,-999.99,-999.99,25.20
290,5,ACPE,6,1089,0,1.6,0,-999.99,-999.99,25.20
295,5,PRPE,7,1090,0,3.7,0,-999.99,-999.99,25.50
295,5,PRPE,7,1091,0,4.2,0,-999.99,-999.99,25.50
295,5,PRPE,7,1092,0,4.4,0,-999.99,-999.99,25.50
295,5,PRPE,7,1093,0,5.0,0,-999.99,-999.99,25.50
295,5,PRPE,7,1094,0,3.6,0,-999.99,-999.99,25.50
295,5,PRPE,7,1095,0,4.9,0,-999.99,-999.99,25.50
295,5,PRPE,7,1096,0,2.2,0,-999.99,-999.99,25.50
295,5,PRPE,7,1097,0,3.0,0,-999.99,-999.99,25.50
295,5,PRPE,7,1098,0,6.2,0,-999.99,-999.99,25.50
295,5,PRPE,7,1099,0,3.0,0,-999.99,-999.99,25.50
295,5,PRPE,7,1100,0,2.2,0,-999.99,-999.99,25.50
295,5,PRPE,7,1101,0,3.5,0,-999.99,-999.99,25.50
295,5,PRPE,7,1102,0,2.0,0,-999.99,-999.99,25.50
295,5,PRPE,7,1103,0,1.9,0,-999.99,-999.99,25.50
295,5,PRPE,7,1104,0,5.2,0,-999.99,-999.99,25.50
295,5,PRPE,7,1105,0,2.4,0,-999.99,-999.99,25.50
295,5,PRPE,7,1106,0,2.4,0,-999.99,-999.99,25.50
295,5,PRPE,7,1107,0,3.7,0,-999.99,-999.99,25.50
295,5,PRPE,7,1108,0,4.8,0,-999.99,-999.99,25.50
295,5,PRPE,7,1109,0,6.7,0,-999.99,-999.99,25.50
295,5,PRPE,7,1110,0,1.5,0,-999.99,-999.99,25.50
295,5,PRPE,7,1111,0,2.5,0,-999.99,-999.99,25.50
295,5,PRPE,7,1112,0,2.8,0,-999.99,-999.99,25.50
295,5,PRPE,7,1113,0,1.7,0,-999.99,-999.99,25.50
295,5,PRPE,7,1114,0,2.5,0,-999.99,-999.99,25.50
295,5,PRPE,7,1115,0,3.2,3,-999.99,-999.99,25.50
295,5,PRPE,7,1116,0,2.1,4,-999.99,-999.99,25.50
295,5,PRPE,7,1117,0,1.6,4,-999.99,-999.99,25.50
295,5,PRPE,7,1118,0,2.8,4,-999.99,-999.99,25.50
295,5,PRPE,7,1119,0,1.8,4,-999.99,-999.99,25.50
295,5,PRPE,7,1120,0,1.5,4,-999.99,-999.99,25.50
295,5,PRPE,7,1121,0,1.8,4,-999.99,-999.99,25.50
295,5,PRPE,7,1122,0,2.3,4,-999.99,-999.99,25.50
295,5,PRPE,7,1123,0,6.7,0,-999.99,-999.99,25.50
295,5,PRPE,7,1123,0,6.8,0,-999.99,-999.99,25.50
295,5,PRPE,7,1123,0,1.8,4,-999.99,-999.99,25.50
295,5,PRPE,7,1123,0,2.1,4,-999.99,-999.99,25.50
295,5,PRPE,7,1124,0,4.5,0,-999.99,-999.99,25.50
295,5,PRPE,7,1124,0,1.8,0,-999.99,-999.99,25.50
295,5,PRPE,7,1125,0,6.5,0,-999.99,-999.99,25.50
295,5,PRPE,7,1125,0,1.9,4,-999.99,-999.99,25.50
295,5,BEAL,3,1126,0,3.1,0,-999.99,-999.99,25.50
295,5,BEAL,3,1127,0,4.7,0,-999.99,-999.99,25.50
295,5,BEAL,3,1128,0,2.5,0,-999.99,-999.99,25.50
295,5,BEAL,3,1129,0,2.2,0,-999.99,-999.99,25.50
295,5,BEAL,3,1130,0,2.3,0,-999.99,-999.99,25.50
295,5,BEAL,3,1131,0,1.9,0,-999.99,-999.99,25.50
295,5,BEAL,3,1132,0,2.0,0,-999.99,-999.99,25.50
295,5,BEAL,3,1133,0,2.3,0,-999.99,-999.99,25.50
295,5,ACPE,6,1134,0,1.7,0,-999.99,-999.99,25.50
295,5,ACPE,6,1135,0,2.2,0,-999.99,-999.99,25.50
295,5,ACPE,6,1136,0,3.5,0,-999.99,-999.99,25.50
295,5,ACPE,6,1137,0,2.3,0,-999.99,-999.99,25.50
295,5,ACPE,6,1138,0,2.3,0,-999.99,-999.99,25.50
295,5,ACPE,6,1139,0,2.0,0,-999.99,-999.99,25.50
295,5,ACPE,6,1140,0,2.2,0,-999.99,-999.99,25.50
295,5,FAGR,2,1141,0,1.9,0,-999.99,-999.99,25.50
295,5,FAGR,2,1142,0,1.6,0,-999.99,-999.99,25.50
295,5,BEPA,11,1143,0,1.8,0,-999.99,-999.99,25.50
302,5,SASP,20,1144,0,5.5,0,-999.99,-999.99,25.70
302,5,SASP,20,1145,0,1.8,0,-999.99,-999.99,25.70
302,5,SASP,20,1146,0,4.4,0,-999.99,-999.99,25.70
302,5,SASP,20,1147,0,4.5,0,-999.99,-999.99,25.70
302,5,POTR,16,1148,0,2.0,0,-999.99,-999.99,25.70
302,5,POTR,16,1149,0,4.4,0,-999.99,-999.99,25.70
302,5,POTR,16,1150,0,1.7,0,-999.99,-999.99,25.70
302,5,POTR,16,1151,0,4.2,0,-999.99,-999.99,25.70
302,5,POTR,16,1152,0,4.4,0,-999.99,-999.99,25.70
302,5,POTR,16,1153,0,4.7,0,-999.99,-999.99,25.70
302,5,POTR,16,1154,0,4.3,0,-999.99,-999.99,25.70
302,5,POTR,16,1155,0,6.0,0,-999.99,-999.99,25.70
302,5,ACPE,6,1156,0,2.9,0,-999.99,-999.99,25.70
302,5,ACPE,6,1156,0,2.2,0,-999.99,-999.99,25.70
302,5,PRPE,7,1157,0,1.9,0,-999.99,-999.99,25.70
302,5,PRPE,7,1158,0,2.2,0,-999.99,-999.99,25.70
302,5,PRPE,7,1159,0,2.4,0,-999.99,-999.99,25.70
302,5,PRPE,7,1160,0,1.6,0,-999.99,-999.99,25.70
302,5,PRPE,7,1161,0,3.7,0,-999.99,-999.99,25.70
302,5,PRPE,7,1162,0,5.7,0,-999.99,-999.99,25.70
302,5,PRPE,7,1163,0,6.8,0,-999.99,-999.99,25.70
302,5,PRPE,7,1164,0,3.5,0,-999.99,-999.99,25.70
302,5,PRPE,7,1165,0,2.9,0,-999.99,-999.99,25.70
302,5,PRPE,7,1166,0,5.0,0,-999.99,-999.99,25.70
302,5,PRPE,7,1167,0,6.0,0,-999.99,-999.99,25.70
302,5,PRPE,7,1168,0,3.4,0,-999.99,-999.99,25.70
302,5,PRPE,7,1169,0,2.7,4,-999.99,-999.99,25.70
302,5,PRPE,7,1170,0,2.0,4,-999.99,-999.99,25.70
302,5,PRPE,7,1171,0,2.9,4,-999.99,-999.99,25.70
302,5,PRPE,7,1172,0,4.1,0,-999.99,-999.99,25.70
302,5,PRPE,7,1172,0,1.6,4,-999.99,-999.99,25.70
302,5,PRPE,7,1173,0,4.3,0,-999.99,-999.99,25.70
302,5,PRPE,7,1173,0,3.6,0,-999.99,-999.99,25.70
302,5,FAGR,2,1174,0,2.0,0,-999.99,-999.99,25.70
302,5,FAGR,2,1175,0,2.0,0,-999.99,-999.99,25.70
302,5,FAGR,2,1176,0,2.6,0,-999.99,-999.99,25.70
302,5,BEAL,3,1177,0,1.8,0,-999.99,-999.99,25.70
302,5,BEAL,3,1178,0,2.0,0,-999.99,-999.99,25.70
302,5,ACRU,13,1179,0,2.1,0,-999.99,-999.99,25.70
302,5,FRAM,4,1180,0,1.5,0,-999.99,-999.99,25.70
302,5,ACSA,1,1181,0,1.5,0,-999.99,-999.99,25.70
305,5,BEAL,3,1182,0,1.8,0,-999.99,-999.99,25.45
305,5,BEAL,3,1183,0,2.8,0,-999.99,-999.99,25.45
305,5,BEAL,3,1184,0,1.8,0,-999.99,-999.99,25.45
305,5,BEAL,3,1185,0,1.7,0,-999.99,-999.99,25.45
305,5,BEAL,3,1186,0,1.6,0,-999.99,-999.99,25.45
305,5,BEAL,3,1187,0,5.5,0,-999.99,-999.99,25.45
305,5,BEAL,3,1188,0,2.8,0,-999.99,-999.99,25.45
305,5,BEAL,3,1189,0,1.9,0,-999.99,-999.99,25.45
305,5,BEAL,3,1190,0,1.6,0,-999.99,-999.99,25.45
305,5,BEAL,3,1191,0,2.2,0,-999.99,-999.99,25.45
305,5,BEAL,3,1192,0,1.8,0,-999.99,-999.99,25.45
305,5,BEAL,3,1193,0,2.8,0,-999.99,-999.99,25.45
305,5,BEAL,3,1194,0,7.0,0,-999.99,-999.99,25.45
305,5,BEAL,3,1194,0,6.6,0,-999.99,-999.99,25.45
305,5,FAGR,2,1195,0,2.0,0,-999.99,-999.99,25.45
305,5,FAGR,2,1196,0,1.8,0,-999.99,-999.99,25.45
305,5,FAGR,2,1197,0,2.2,0,-999.99,-999.99,25.45
305,5,FAGR,2,1198,0,1.8,0,-999.99,-999.99,25.45
305,5,FAGR,2,1199,0,1.5,0,-999.99,-999.99,25.45
305,5,FAGR,2,1200,0,1.6,0,-999.99,-999.99,25.45
305,5,FAGR,2,1201,0,1.6,0,-999.99,-999.99,25.45
305,5,FAGR,2,1201,0,1.5,0,-999.99,-999.99,25.45
305,5,ACSA,1,1202,0,2.6,0,-999.99,-999.99,25.45
305,5,ACSA,1,1203,0,1.6,0,-999.99,-999.99,25.45
305,5,ACSA,1,1204,0,1.5,0,-999.99,-999.99,25.45
305,5,ACSA,1,1205,0,2.9,0,-999.99,-999.99,25.45
305,5,ACSA,1,1206,0,1.6,0,-999.99,-999.99,25.45
305,5,ACSA,1,1207,0,1.5,0,-999.99,-999.99,25.45
305,5,POTR,16,1208,0,1.6,0,-999.99,-999.99,25.45
305,5,PRPE,7,1209,0,2.3,0,-999.99,-999.99,25.45
305,5,PRPE,7,1210,0,3.0,0,-999.99,-999.99,25.45
305,5,PRPE,7,1211,0,3.9,0,-999.99,-999.99,25.45
305,5,PRPE,7,1212,0,3.7,0,-999.99,-999.99,25.45
305,5,PRPE,7,1213,0,2.5,0,-999.99,-999.99,25.45
305,5,PRPE,7,1214,0,4.6,0,-999.99,-999.99,25.45
305,5,PRPE,7,1215,0,2.7,0,-999.99,-999.99,25.45
305,5,PRPE,7,1216,0,3.9,0,-999.99,-999.99,25.45
305,5,PRPE,7,1217,0,5.5,0,-999.99,-999.99,25.45
305,5,PRPE,7,1218,0,2.1,0,-999.99,-999.99,25.45
305,5,PRPE,7,1219,0,6.2,0,-999.99,-999.99,25.45
305,5,PRPE,7,1220,0,2.7,0,-999.99,-999.99,25.45
305,5,PRPE,7,1221,0,2.6,0,-999.99,-999.99,25.45
305,5,PRPE,7,1222,0,2.5,0,-999.99,-999.99,25.45
305,5,PRPE,7,1223,0,3.9,0,-999.99,-999.99,25.45
305,5,PRPE,7,1224,0,3.2,0,-999.99,-999.99,25.45
305,5,PRPE,7,1225,0,7.0,0,-999.99,-999.99,25.45
305,5,PRPE,7,1226,0,3.8,0,-999.99,-999.99,25.45
305,5,PRPE,7,1227,0,1.8,4,-999.99,-999.99,25.45
305,5,PRPE,7,1228,0,3.2,0,-999.99,-999.99,25.45
305,5,PRPE,7,1228,0,4.2,0,-999.99,-999.99,25.45
305,5,ACPE,6,1229,0,1.8,0,-999.99,-999.99,25.45
305,5,ACPE,6,1230,0,2.6,0,-999.99,-999.99,25.45
305,5,ACPE,6,1231,0,2.5,0,-999.99,-999.99,25.45
305,5,ACPE,6,1232,0,1.5,0,-999.99,-999.99,25.45
305,5,ACPE,6,1233,0,1.5,0,-999.99,-999.99,25.45
305,5,ACPE,6,1234,0,1.8,0,-999.99,-999.99,25.45
305,5,ACPE,6,1235,0,1.6,0,-999.99,-999.99,25.45
305,5,ACPE,6,1236,0,1.6,0,-999.99,-999.99,25.45
305,5,ACPE,6,1237,0,1.5,0,-999.99,-999.99,25.45
305,5,ACPE,6,1238,0,2.0,0,-999.99,-999.99,25.45
305,5,ACPE,6,1239,0,2.0,0,-999.99,-999.99,25.45
305,5,BEPA,11,1240,0,2.0,0,-999.99,-999.99,25.45
309,5,POTR,16,1241,0,3.6,0,-999.99,-999.99,26.00
309,5,POTR,16,1242,0,2.0,0,-999.99,-999.99,26.00
309,5,POTR,16,1243,0,4.3,0,-999.99,-999.99,26.00
309,5,POTR,16,1244,0,2.4,0,-999.99,-999.99,26.00
309,5,POTR,16,1245,0,2.7,0,-999.99,-999.99,26.00
309,5,PRPE,7,1246,0,1.6,0,-999.99,-999.99,26.00
309,5,PRPE,7,1247,0,5.8,0,-999.99,-999.99,26.00
309,5,PRPE,7,1248,0,2.0,0,-999.99,-999.99,26.00
309,5,PRPE,7,1249,0,2.4,0,-999.99,-999.99,26.00
309,5,PRPE,7,1250,0,3.1,0,-999.99,-999.99,26.00
309,5,PRPE,7,1251,0,1.9,0,-999.99,-999.99,26.00
309,5,PRPE,7,1252,0,1.8,0,-999.99,-999.99,26.00
309,5,PRPE,7,1253,0,5.7,0,-999.99,-999.99,26.00
309,5,PRPE,7,1254,0,1.6,4,-999.99,-999.99,26.00
309,5,PRPE,7,1255,0,2.6,4,-999.99,-999.99,26.00
309,5,PRPE,7,1256,0,2.9,4,-999.99,-999.99,26.00
309,5,PRPE,7,1257,0,3.0,4,-999.99,-999.99,26.00
309,5,PRPE,7,1258,0,3.9,0,-999.99,-999.99,26.00
309,5,PRPE,7,1258,0,3.9,0,-999.99,-999.99,26.00
309,5,PRPE,7,1259,0,5.2,0,-999.99,-999.99,26.00
309,5,PRPE,7,1259,0,1.9,4,-999.99,-999.99,26.00
309,5,FAGR,2,1260,0,1.7,0,-999.99,-999.99,26.00
309,5,FAGR,2,1261,0,1.9,0,-999.99,-999.99,26.00
309,5,BEAL,3,1262,0,3.2,0,-999.99,-999.99,26.00
309,5,BEAL,3,1263,0,1.9,0,-999.99,-999.99,26.00
309,5,BEAL,3,1264,0,1.8,0,-999.99,-999.99,26.00
309,5,BEAL,3,1265,0,2.9,0,-999.99,-999.99,26.00
309,5,BEAL,3,1266,0,2.3,0,-999.99,-999.99,26.00
309,5,FRAM,4,1267,0,3.1,0,-999.99,-999.99,26.00
309,5,FRAM,4,1268,0,3.8,0,-999.99,-999.99,26.00
309,5,ACSA,1,1269,0,2.1,0,-999.99,-999.99,26.00
309,5,ACSA,1,1270,0,2.2,0,-999.99,-999.99,26.00
309,5,ACSA,1,1271,0,1.9,0,-999.99,-999.99,26.00
309,5,ACSA,1,1271,0,2.1,0,-999.99,-999.99,26.00
309,5,ACSA,1,1271,0,3.7,0,-999.99,-999.99,26.00
309,5,ACSA,1,1271,0,2.1,0,-999.99,-999.99,26.00
309,5,ACSA,1,1271,0,2.5,0,-999.99,-999.99,26.00
309,5,ACSA,1,1271,0,2.2,0,-999.99,-999.99,26.00
309,5,ACSA,1,1271,0,2.7,0,-999.99,-999.99,26.00
309,5,ACSA,1,1271,0,1.5,0,-999.99,-999.99,26.00
317,5,PRPE,7,1272,0,5.6,0,-999.99,-999.99,25.40
317,5,PRPE,7,1273,0,5.0,0,-999.99,-999.99,25.40
317,5,PRPE,7,1274,0,2.1,0,-999.99,-999.99,25.40
317,5,PRPE,7,1275,0,2.6,0,-999.99,-999.99,25.40
317,5,PRPE,7,1276,0,4.0,0,-999.99,-999.99,25.40
317,5,PRPE,7,1277,0,2.1,0,-999.99,-999.99,25.40
317,5,PRPE,7,1278,0,3.9,0,-999.99,-999.99,25.40
317,5,PRPE,7,1279,0,4.0,0,-999.99,-999.99,25.40
317,5,PRPE,7,1280,0,4.3,0,-999.99,-999.99,25.40
317,5,PRPE,7,1281,0,6.1,0,-999.99,-999.99,25.40
317,5,PRPE,7,1282,0,5.3,0,-999.99,-999.99,25.40
317,5,PRPE,7,1283,0,2.5,0,-999.99,-999.99,25.40
317,5,PRPE,7,1284,0,3.7,0,-999.99,-999.99,25.40
317,5,PRPE,7,1285,0,5.1,0,-999.99,-999.99,25.40
317,5,PRPE,7,1286,0,2.9,0,-999.99,-999.99,25.40
317,5,PRPE,7,1287,0,2.2,0,-999.99,-999.99,25.40
317,5,PRPE,7,1288,0,5.2,0,-999.99,-999.99,25.40
317,5,PRPE,7,1288,0,4.0,0,-999.99,-999.99,25.40
317,5,PRPE,7,1289,0,5.2,0,-999.99,-999.99,25.40
317,5,PRPE,7,1289,0,2.3,0,-999.99,-999.99,25.40
317,5,BEAL,3,1290,0,3.9,0,-999.99,-999.99,25.40
317,5,BEAL,3,1291,0,2.1,0,-999.99,-999.99,25.40
317,5,BEAL,3,1292,0,2.3,0,-999.99,-999.99,25.40
317,5,BEAL,3,1293,0,1.9,0,-999.99,-999.99,25.40
317,5,BEAL,3,1294,0,1.6,0,-999.99,-999.99,25.40
317,5,BEAL,3,1295,0,2.1,0,-999.99,-999.99,25.40
317,5,BEAL,3,1296,0,1.6,0,-999.99,-999.99,25.40
317,5,BEAL,3,1297,0,1.8,0,-999.99,-999.99,25.40
317,5,BEAL,3,1298,0,1.9,0,-999.99,-999.99,25.40
317,5,BEAL,3,1299,0,2.6,0,-999.99,-999.99,25.40
317,5,BEAL,3,1300,0,2.2,0,-999.99,-999.99,25.40
317,5,BEAL,3,1301,0,3.2,0,-999.99,-999.99,25.40
317,5,BEAL,3,1302,0,2.0,0,-999.99,-999.99,25.40
317,5,BEAL,3,1303,0,1.6,0,-999.99,-999.99,25.40
317,5,FRAM,4,1304,0,2.9,0,-999.99,-999.99,25.40
317,5,FRAM,4,1305,0,2.7,0,-999.99,-999.99,25.40
317,5,FRAM,4,1306,0,4.1,0,-999.99,-999.99,25.40
317,5,FAGR,2,1307,0,1.8,0,-999.99,-999.99,25.40
317,5,FAGR,2,1308,0,1.9,0,-999.99,-999.99,25.40
317,5,COAL,21,1309,0,2.0,0,-999.99,-999.99,25.40
317,5,ACPE,6,1310,0,2.2,0,-999.99,-999.99,25.40
317,5,SOAM,12,1311,0,3.4,0,-999.99,-999.99,25.40
317,5,SOAM,12,1312,0,2.5,0,-999.99,-999.99,25.40
331,5,BEAL,3,1313,0,2.9,0,-999.99,-999.99,22.80
331,5,BEAL,3,1314,0,1.5,0,-999.99,-999.99,22.80
331,5,BEAL,3,1315,0,1.6,0,-999.99,-999.99,22.80
331,5,BEAL,3,1316,0,1.8,0,-999.99,-999.99,22.80
331,5,BEAL,3,1317,0,2.5,0,-999.99,-999.99,22.80
331,5,BEAL,3,1318,0,2.0,0,-999.99,-999.99,22.80
331,5,BEAL,3,1319,0,2.0,0,-999.99,-999.99,22.80
331,5,BEAL,3,1320,0,2.8,0,-999.99,-999.99,22.80
331,5,BEAL,3,1321,0,1.8,0,-999.99,-999.99,22.80
331,5,BEAL,3,1322,0,1.5,0,-999.99,-999.99,22.80
331,5,BEAL,3,1323,0,3.2,0,-999.99,-999.99,22.80
331,5,BEAL,3,1324,0,1.5,0,-999.99,-999.99,22.80
331,5,BEAL,3,1325,0,1.8,0,-999.99,-999.99,22.80
331,5,BEAL,3,1326,0,2.1,0,-999.99,-999.99,22.80
331,5,BEAL,3,1327,0,2.7,0,-999.99,-999.99,22.80
331,5,BEAL,3,1328,0,3.2,0,-999.99,-999.99,22.80
331,5,BEAL,3,1328,0,2.6,0,-999.99,-999.99,22.80
331,5,BEAL,3,1329,0,3.0,0,-999.99,-999.99,22.80
331,5,BEAL,3,1329,0,2.4,0,-999.99,-999.99,22.80
331,5,BEAL,3,1330,0,3.7,0,-999.99,-999.99,22.80
331,5,BEAL,3,1330,0,1.5,0,-999.99,-999.99,22.80
331,5,PRPE,7,1331,0,2.1,0,-999.99,-999.99,22.80
331,5,PRPE,7,1332,0,1.5,0,-999.99,-999.99,22.80
331,5,PRPE,7,1333,0,2.0,0,-999.99,-999.99,22.80
331,5,PRPE,7,1334,0,2.7,0,-999.99,-999.99,22.80
331,5,PRPE,7,1335,0,2.6,0,-999.99,-999.99,22.80
331,5,PRPE,7,1336,0,2.8,0,-999.99,-999.99,22.80
331,5,PRPE,7,1337,0,1.5,0,-999.99,-999.99,22.80
331,5,PRPE,7,1338,0,2.6,0,-999.99,-999.99,22.80
331,5,PRPE,7,1339,0,3.7,0,-999.99,-999.99,22.80
331,5,PRPE,7,1340,0,2.0,0,-999.99,-999.99,22.80
331,5,PRPE,7,1341,0,1.9,0,-999.99,-999.99,22.80
331,5,PRPE,7,1342,0,3.0,0,-999.99,-999.99,22.80
331,5,PRPE,7,1343,0,1.7,0,-999.99,-999.99,22.80
331,5,PRPE,7,1344,0,2.8,0,-999.99,-999.99,22.80
331,5,PRPE,7,1345,0,2.2,0,-999.99,-999.99,22.80
331,5,PRPE,7,1346,0,3.2,0,-999.99,-999.99,22.80
331,5,PRPE,7,1347,0,3.1,0,-999.99,-999.99,22.80
331,5,PRPE,7,1348,0,3.2,0,-999.99,-999.99,22.80
331,5,PRPE,7,1349,0,1.8,0,-999.99,-999.99,22.80
331,5,PRPE,7,1350,0,1.5,4,-999.99,-999.99,22.80
331,5,PRPE,7,1351,0,1.7,4,-999.99,-999.99,22.80
331,5,PRPE,7,1352,0,1.6,3,-999.99,-999.99,22.80
331,5,PRPE,7,1353,0,1.7,3,-999.99,-999.99,22.80
331,5,FAGR,2,1354,0,2.2,0,-999.99,-999.99,22.80
331,5,FAGR,2,1355,0,1.6,0,-999.99,-999.99,22.80
331,5,FAGR,2,1356,0,1.6,0,-999.99,-999.99,22.80
331,5,FAGR,2,1357,0,2.2,0,-999.99,-999.99,22.80
331,5,ACPE,6,1358,0,2.4,0,-999.99,-999.99,22.80
331,5,ACPE,6,1359,0,2.0,0,-999.99,-999.99,22.80
334,5,PRPE,7,1360,0,5.7,0,-999.99,-999.99,25.30
334,5,PRPE,7,1361,0,2.0,0,-999.99,-999.99,25.30
334,5,PRPE,7,1362,0,9.0,0,-999.99,-999.99,25.30
334,5,PRPE,7,1363,0,1.5,0,-999.99,-999.99,25.30
334,5,PRPE,7,1364,0,5.5,0,-999.99,-999.99,25.30
334,5,BEAL,3,1365,0,1.6,0,-999.99,-999.99,25.30
334,5,BEAL,3,1366,0,2.2,0,-999.99,-999.99,25.30
334,5,BEAL,3,1367,0,2.8,0,-999.99,-999.99,25.30
334,5,BEAL,3,1368,0,1.5,0,-999.99,-999.99,25.30
334,5,BEAL,3,1369,0,1.8,0,-999.99,-999.99,25.30
334,5,BEAL,3,1370,0,2.1,0,-999.99,-999.99,25.30
334,5,BEAL,3,1371,0,2.0,0,-999.99,-999.99,25.30
334,5,BEAL,3,1372,0,1.5,0,-999.99,-999.99,25.30
334,5,BEAL,3,1373,0,1.6,0,-999.99,-999.99,25.30
334,5,BEAL,3,1374,0,1.5,0,-999.99,-999.99,25.30
334,5,BEAL,3,1375,0,1.8,0,-999.99,-999.99,25.30
334,5,ACPE,6,1376,0,1.8,4,-999.99,-999.99,25.30
334,5,BEPA,11,1377,0,2.4,0,-999.99,-999.99,25.30
334,5,BEPA,11,1378,0,1.5,0,-999.99,-999.99,25.30
348,5,PRPE,7,1379,0,4.5,0,-999.99,-999.99,25.10
348,5,PRPE,7,1380,0,2.6,0,-999.99,-999.99,25.10
348,5,PRPE,7,1381,0,3.3,0,-999.99,-999.99,25.10
348,5,PRPE,7,1382,0,5.3,0,-999.99,-999.99,25.10
348,5,PRPE,7,1383,0,1.6,0,-999.99,-999.99,25.10
348,5,PRPE,7,1384,0,1.6,0,-999.99,-999.99,25.10
348,5,PRPE,7,1385,0,2.5,0,-999.99,-999.99,25.10
348,5,PRPE,7,1386,0,2.4,0,-999.99,-999.99,25.10
348,5,PRPE,7,1387,0,2.5,0,-999.99,-999.99,25.10
348,5,PRPE,7,1388,0,3.3,0,-999.99,-999.99,25.10
348,5,PRPE,7,1389,0,1.6,0,-999.99,-999.99,25.10
348,5,PRPE,7,1390,0,1.6,0,-999.99,-999.99,25.10
348,5,PRPE,7,1391,0,2.0,0,-999.99,-999.99,25.10
348,5,PRPE,7,1392,0,2.5,0,-999.99,-999.99,25.10
348,5,PRPE,7,1393,0,3.6,0,-999.99,-999.99,25.10
348,5,PRPE,7,1394,0,2.8,0,-999.99,-999.99,25.10
348,5,PRPE,7,1395,0,3.1,0,-999.99,-999.99,25.10
348,5,PRPE,7,1396,0,1.8,0,-999.99,-999.99,25.10
348,5,PRPE,7,1397,0,4.3,0,-999.99,-999.99,25.10
348,5,PRPE,7,1398,0,3.6,0,-999.99,-999.99,25.10
348,5,PRPE,7,1399,0,1.7,0,-999.99,-999.99,25.10
348,5,PRPE,7,1400,0,2.0,0,-999.99,-999.99,25.10
348,5,PRPE,7,1401,0,1.9,4,-999.99,-999.99,25.10
348,5,PRPE,7,1402,0,2.4,4,-999.99,-999.99,25.10
348,5,BEAL,3,1403,0,2.0,0,-999.99,-999.99,25.10
348,5,BEAL,3,1404,0,1.5,0,-999.99,-999.99,25.10
348,5,FAGR,2,1405,0,1.6,0,-999.99,-999.99,25.10
348,5,FAGR,2,1406,0,3.8,0,-999.99,-999.99,25.10
348,5,FAGR,2,1407,0,2.9,0,-999.99,-999.99,25.10
348,5,FAGR,2,1408,0,2.8,0,-999.99,-999.99,25.10
348,5,FAGR,2,1409,0,2.7,0,-999.99,-999.99,25.10
348,5,FAGR,2,1410,0,2.8,0,-999.99,-999.99,25.10
348,5,FAGR,2,1411,0,2.6,0,-999.99,-999.99,25.10
348,5,FAGR,2,1412,0,1.8,0,-999.99,-999.99,25.10
348,5,FAGR,2,1413,0,2.3,0,-999.99,-999.99,25.10
348,5,FAGR,2,1414,0,4.7,0,-999.99,-999.99,25.10
348,5,FAGR,2,1415,0,3.0,0,-999.99,-999.99,25.10
348,5,FAGR,2,1416,0,4.5,0,-999.99,-999.99,25.10
348,5,FAGR,2,1417,0,2.4,0,-999.99,-999.99,25.10
348,5,FAGR,2,1418,0,1.8,0,-999.99,-999.99,25.10
348,5,FAGR,2,1419,0,2.2,0,-999.99,-999.99,25.10
348,5,FAGR,2,1420,0,1.9,0,-999.99,-999.99,25.10
348,5,FAGR,2,1421,0,1.7,0,-999.99,-999.99,25.10
348,5,FAGR,2,1422,0,2.5,0,-999.99,-999.99,25.10
348,5,FAGR,2,1423,0,3.0,0,-999.99,-999.99,25.10
348,5,FAGR,2,1424,0,5.2,0,-999.99,-999.99,25.10
348,5,FAGR,2,1424,0,1.7,0,-999.99,-999.99,25.10
348,5,FAGR,2,1425,0,2.0,0,-999.99,-999.99,25.10
348,5,FAGR,2,1425,0,1.6,0,-999.99,-999.99,25.10
348,5,FAGR,2,1426,0,6.5,0,-999.99,-999.99,25.10
348,5,FAGR,2,1426,0,7.2,0,-999.99,-999.99,25.10
348,5,FAGR,2,1426,0,5.8,0,-999.99,-999.99,25.10
348,5,ACRU,13,1427,0,3.8,0,-999.99,-999.99,25.10
348,5,ACRU,13,1428,0,2.2,0,-999.99,-999.99,25.10
348,5,ACRU,13,1429,0,3.5,0,-999.99,-999.99,25.10
348,5,ACPE,6,1430,0,1.7,0,-999.99,-999.99,25.10
